pair_id,true_label,pred_label,confidence
4895194761#3935134734,0,0,0.419546180922395
4965700329#3204907291,0,0,0.419546180922395
3043036534#2065121798,0,0,0.419546180922395
3582409643#4427940311,0,0,0.419546180922395
138649305625#4004633045,0,0,0.419546180922395
2057082510#4623955861,0,0,0.419546180922395
3077905761#3292344806,0,0,0.419546180922395
4111406344#3043166693,0,0,0.419546180922395
2069380321#210012116583,0,0,0.419546180922395
4900256072#3606108939,0,1,0.9585961081094649
2057660030#2050760324,0,0,0.419546180922395
4345845643#3287633018,0,0,0.419546180922395
1644134375#4283348799,1,0,0.419546180922395
2098918003#303433622485,0,0,0.419546180922395
4264534612#9043448493,0,0,0.419546180922395
2183963548#3295629869,0,0,0.419546180922395
4898730811#4004633045,0,0,0.419546180922395
4623324616#2066977172,0,0,0.419546180922395
2062181997#443982000626,0,0,0.419546180922395
1416301524#2058563113,1,0,0.4719447371241417
2057202369#3927439605,0,0,0.419546180922395
4657320935#1633806208,0,0,0.419546180922395
3287136296#3287136303,0,0,0.419546180922395
4941134416#4335101562,0,0,0.419546180922395
1955012315#142083821417,0,0,0.419546180922395
1718702641#5185554343,0,0,0.419546180922395
4641732096#4185479835,0,0,0.419546180922395
1372537976#5169209205,0,0,0.419546180922395
124076009506#66891007246,0,0,0.419546180922395
69055886795#68727484174,0,0,0.419546180922395
4498422001#3033447588,0,0,0.419546180922395
1438441441#3290843988,0,0,0.419546180922395
1848719127#179195001984,0,0,0.419546180922395
3072525687#2067590404,0,0,0.419546180922395
2068611560#2297009298,0,0,0.419546180922395
2301850248#4057297840,1,0,0.0
212394033260#114453608394,0,0,0.419546180922395
303433622485#3792586113,0,0,0.419546180922395
4529171947#6633358861,0,0,0.3486673247778875
4449163726#142083821417,0,0,0.419546180922395
1564005555#4900256072,0,0,0.419546180922395
3779069464#2050883606,0,0,0.419546180922395
392281366488#1952051609,0,0,0.419546180922395
5022076775#4196027218,0,0,0.419546180922395
4145771589#3881831374,1,0,0.419546180922395
3589653390#4255048934,0,0,0.419546180922395
4006392099#4277815885,0,0,0.419546180922395
3717616592#3202641160,0,0,0.419546180922395
1416629632#3728594582,0,0,0.419546180922395
200792633059#102180093107,0,0,0.419546180922395
4226781300#4777455284,0,0,0.419546180922395
4429667301#1674286778,0,0,0.419546180922395
2114279054#4782028642,0,0,0.419546180922395
2057186115#3792586113,0,0,0.419546180922395
4749417182#2119387186,0,1,0.559990680522912
4877012874#1391856996,0,0,0.419546180922395
4464938911#1740857110,0,0,0.419546180922395
3458092809#3887327251,0,1,0.6628854140845918
117873856741#3056865396,0,0,0.419546180922395
2069380321#3881831374,0,0,0.419546180922395
4226659635#14613455658,0,0,0.419546180922395
3576237842#1410173485,0,0,0.419546180922395
3708976648#2615156599,0,0,0.419546180922395
38406123057#3416051894,0,0,0.419546180922395
4081158129#5196417840,0,0,0.419546180922395
4643938191#2057660030,0,0,0.419546180922395
2224193149#2085225572,0,0,0.419546180922395
204767102724#4469025400,0,0,0.419546180922395
3576237842#4132115994,0,0,0.419546180922395
248509310374#448871401046,0,0,0.419546180922395
2977432095#4883419414,1,1,0.559990680522912
2115662086#2068436073,1,1,0.9585961081094649
4197957154#49507593260,1,1,0.6280793700657462
1541915947#2050760324,0,0,0.419546180922395
1639385502#1479236027,0,0,0.419546180922395
4657354311#4933360994,0,0,0.419546180922395
2058881485#4573019780,0,0,0.419546180922395
4674140626#3540847089,0,0,0.419546180922395
4883419414#1349608070,0,0,0.419546180922395
4006392099#3633760178,1,0,0.419546180922395
4144296423#2063941871,0,0,0.4719447371241417
1882949681#8609591019,0,0,0.419546180922395
2058531416#2057082510,0,1,0.9585961081094649
2117971399#1410173485,0,0,0.419546180922395
190486841338#109165560395,0,0,0.419546180922395
4059739506#2057186115,0,0,0.419546180922395
3986575237#4006392099,0,0,0.419546180922395
1712613661#1649349373,0,0,0.419546180922395
3075632210#150594502346,0,0,0.419546180922395
1517548862#3290768654,0,0,0.419546180922395
2111320607#4256926363,0,0,0.419546180922395
4975664600#90189177809,0,1,0.6628854140845918
4959793179#1416629632,0,0,0.419546180922395
3061887297#2183968048,0,0,0.419546180922395
4219594137#4219594127,0,1,1.0
3993258388#4255048934,0,0,0.419546180922395
65277266246#3287136295,0,0,0.419546180922395
13389301105#3475895224,0,1,0.559990680522912
1995007743#3047893935,0,0,0.419546180922395
4435802207#2057120532,0,0,0.419546180922395
487072504294#3550979323,0,0,0.419546180922395
2061309885#1431930648,0,0,0.419546180922395
443982000626#3404236704,0,0,0.419546180922395
3077309817#2060056771,0,0,0.419546180922395
4212792387#3489875333,0,0,0.419546180922395
1978617477#1457252565,0,0,0.419546180922395
2055492411#5102675634,0,0,0.419546180922395
2056662276#3831306913,0,1,0.6628854140845918
4450968363#2063941870,0,0,0.419546180922395
191333072438#96073549554,0,1,0.7897511787548684
335140370164#52308312082,0,0,0.419546180922395
1882949681#2075393157,0,1,0.559990680522912
4622989684#200569781240,0,0,0.419546180922395
3042374102#1523991651,0,0,0.419546180922395
1859050383#2058531416,0,0,0.419546180922395
2088439298#4200743404,0,0,0.419546180922395
4082182753#280987330860,0,0,0.419546180922395
2640338192#3290768654,0,1,0.6280793700657462
1384518673#190662008501,0,1,0.559990680522912
3945392968#1833924490,0,1,0.6280793700657462
4893087221#2010425525,0,1,0.559990680522912
1573188123#1694365644,1,1,0.7897511787548684
335230006871#2057120532,0,0,0.419546180922395
1650171815#3551393130,0,0,0.419546180922395
2301850248#2062990764,0,0,0.419546180922395
4460813658#4460827792,1,0,0.419546180922395
1457252565#1711730143,1,0,0.419546180922395
48384062571#4645346456,0,1,0.559990680522912
391306865273#3484000884,0,0,0.419546180922395
4264534612#1517548862,0,0,0.419546180922395
4735364801#1733350200,0,0,0.419546180922395
192584035425#4132115994,0,1,0.6280793700657462
13389301105#2010425525,0,1,0.559990680522912
3445826974#200792633059,0,0,0.419546180922395
4808983543#75267388021,0,0,0.419546180922395
204767102724#4091776857,0,0,0.419546180922395
2065121798#2297009298,0,0,0.419546180922395
3883325282#1312624571,0,0,0.419546180922395
4623324616#4185963090,0,0,0.419546180922395
1637581644#3887327251,0,0,0.419546180922395
109165560395#150594502346,0,0,0.419546180922395
3946584694#4883419414,0,0,0.419546180922395
2056478070#2070627808,0,1,0.6628854140845918
96073549554#2063596099,0,1,0.7897511787548684
2054666779#3792586113,0,0,0.419546180922395
102180093107#4065734118,0,0,0.419546180922395
3728591592#3728594582,1,0,0.419546180922395
5090005101#1694379811,0,0,0.419546180922395
1320992607#1479236027,0,0,0.419546180922395
2301850248#3610178183,0,0,0.419546180922395
3517506225#1320992610,0,0,0.419546180922395
4574521416#2119467444,0,0,0.419546180922395
496613160423#4015401444,0,0,0.419546180922395
1372606932#2070534468,1,1,0.5575647509150331
3887327251#4348498011,0,0,0.419546180922395
2050760324#4460827792,0,0,0.419546180922395
2068611560#4623955861,0,0,0.419546180922395
4657354311#4232666143,0,0,0.419546180922395
2296574953#2068611560,0,0,0.419546180922395
4435630212#3072527640,0,0,0.419546180922395
2054734151#2057706385,0,0,0.419546180922395
3792586113#1815633130,0,0,0.419546180922395
4612302183#4145496082,0,0,0.419546180922395
4384418878#4603465738,0,0,0.419546180922395
2744122330#4457149562,0,0,0.419546180922395
1872011272#4867525539,0,0,0.419546180922395
1818747488#2043683805,0,0,0.419546180922395
3416051894#3551736332,1,0,0.419546180922395
5205797148#4464914770,0,0,0.419546180922395
4361071311#2119467444,0,0,0.419546180922395
102180093107#156276919685,0,0,0.419546180922395
489466582552#3512605559,0,1,0.559990680522912
2057186115#2101227068,0,0,0.419546180922395
1785937268#3489875333,0,0,0.419546180922395
18465839155#1639330963,0,0,0.419546180922395
68727484174#211516818734,0,0,0.419546180922395
3540847089#5196417840,0,0,0.419546180922395
3062884266#2073951091,0,0,0.419546180922395
4941134416#4196027218,0,0,0.419546180922395
1465579387#4938744224,0,0,0.419546180922395
1590545992#3033453452,0,0,0.419546180922395
4199527734#3929215225,0,0,0.419546180922395
3887327251#4145044745,0,0,0.419546180922395
418215123949#3747287828,0,0,0.419546180922395
1740857110#1872011272,0,0,0.419546180922395
38406123057#5185245258,0,0,0.419546180922395
2012443116#4057038032,0,0,0.419546180922395
1815633130#1410173485,0,0,0.419546180922395
2114279054#1523991651,0,0,0.419546180922395
4132115994#1312745457,0,0,0.419546180922395
3370936702#1438441441,0,0,0.419546180922395
8431808974#1438255025,0,0,0.419546180922395
2026258516#135707428689,0,0,0.419546180922395
1715361146#169388103646,0,0,0.419546180922395
3850067472#4673640575,0,0,0.419546180922395
4590537395#2111320607,1,1,0.6280793700657462
1929601246#3606108939,0,1,0.9585961081094649
18468022060#156275809937,0,0,0.419546180922395
2058563113#1711768137,0,0,0.4719447371241417
1465579387#4720990748,0,0,0.419546180922395
2057120532#1627677359,0,0,0.419546180922395
4657395496#3212722992,0,0,0.419546180922395
190662008501#202083551880,0,1,0.559990680522912
2297005450#29608029868,0,0,0.419546180922395
4157779501#3370936702,1,0,0.419546180922395
4612302183#4203062441,0,0,0.419546180922395
1500223180#3043166693,0,0,0.419546180922395
4057038032#3589653390,0,0,0.419546180922395
4200588492#4255048934,0,0,0.419546180922395
4030079241#4254960496,0,0,0.419546180922395
2314431580#1416629632,0,0,0.419546180922395
4851639047#4786537439,1,1,0.6280793700657462
2070627808#150594495671,0,0,0.419546180922395
2038238076#2070030589,0,0,0.419546180922395
4574521416#103649711605,0,0,0.419546180922395
1372178479#1711995496,0,0,0.419546180922395
3920807098#4667944802,0,0,0.419546180922395
1859050383#3256705889,1,0,0.419546180922395
6626538016#1639183384,0,0,0.419546180922395
3714314534#4574521416,0,0,0.419546180922395
2120338226#2054817755,0,0,0.419546180922395
3997209484#4301048457,0,0,0.419546180922395
5037293131#64393522082,0,1,0.6628854140845918
4354163617#3708028912,0,0,0.419546180922395
3576237842#1646144729,0,0,0.419546180922395
3986575237#1674286778,0,0,0.419546180922395
1627677359#37014617781,0,0,0.419546180922395
2026258516#2061946625,0,1,0.559990680522912
2038238076#2063941871,0,0,0.419546180922395
8431809214#2062075977,0,0,0.419546180922395
1639157122#179195001984,0,0,0.419546180922395
2057186168#3967431642,0,0,0.419546180922395
3929215225#1627677359,0,0,0.419546180922395
5122767609#3204907291,0,0,0.419546180922395
2355519467#20201333480,0,0,0.419546180922395
4650344731#3636206032,0,0,0.419546180922395
4289060913#4448830722,0,0,0.419546180922395
1709836734#2136267751,0,0,0.419546180922395
4593095274#4746787192,0,0,0.419546180922395
4212792387#2218261094,1,1,0.559990680522912
3915411982#114453608394,0,0,0.419546180922395
1674286778#64461302079,0,0,0.419546180922395
2075611951#3927031679,0,0,0.419546180922395
4232666143#4231111906,0,0,0.419546180922395
4702376819#1733350200,0,0,0.419546180922395
3364587358#29757516394,0,0,0.419546180922395
3105105450#49857216438,0,0,0.419546180922395
2074433649#2118416856,0,0,0.419546180922395
48384062571#3913210887,0,0,0.419546180922395
2028165651#3913210887,0,0,0.419546180922395
4877012874#1872011272,0,0,0.419546180922395
2306327656#2063596827,0,1,0.7897511787548684
2114326156#1932250238,0,0,0.419546180922395
14613588147#54158093151,0,0,0.419546180922395
75267388021#580549064505,0,0,0.419546180922395
3287136295#2181531828,0,0,0.419546180922395
2112308267#2069945983,1,1,0.6881760335960431
4572325313#3271713296,0,0,0.11186596354537809
4717447489#2012448159,0,0,0.419546180922395
5090005101#2176735919,0,0,0.419546180922395
4643938191#2073951091,0,0,0.419546180922395
1711995496#3054434630,0,0,0.419546180922395
5078702464#3429527333,0,0,0.419546180922395
14613460476#2136267751,0,0,0.419546180922395
1627738213#1782375467,0,0,0.419546180922395
5034412454#4535937748,0,0,0.419546180922395
212394033260#167570408533,0,0,0.419546180922395
4065795437#4256725997,0,0,0.419546180922395
3945392968#5132524109,0,0,0.419546180922395
1932250238#3862188518,0,0,0.419546180922395
1782375467#1760226057,0,0,0.419546180922395
3988152389#140581144985,0,0,0.419546180922395
4150903702#3712801411,0,0,0.419546180922395
106190147487#1372178479,0,0,0.419546180922395
407898948323#1309241819,0,0,0.419546180922395
2050581826#4091776857,0,0,0.419546180922395
4212792387#4657354294,0,0,0.419546180922395
5183692300#4498422001,0,0,0.419546180922395
2128656141#2009723716,0,0,0.419546180922395
1733350200#2054815601,1,0,0.419546180922395
1694379811#3559141878,0,0,0.419546180922395
3045169703#2074433649,0,0,0.419546180922395
4057038032#3870637640,1,0,0.419546180922395
3271713296#3404236704,0,0,0.11186596354537809
4777455284#5045337406,1,0,0.419546180922395
2037536844#3479468876,0,0,0.419546180922395
3081749686#2359435242,0,0,0.419546180922395
5034887015#156276601478,0,0,0.419546180922395
4059739506#4116715778,0,1,0.6280793700657462
99206573417#2063930195,0,0,0.419546180922395
6626538016#18465755385,0,0,0.419546180922395
1305945791#114453608394,0,0,0.419546180922395
11636622561#1709836734,0,0,0.419546180922395
19200751877#5068270943,1,1,0.5962414170018269
4848820948#4641732096,0,0,0.419546180922395
4540676462#1416629632,0,0,0.419546180922395
3881831374#4657320935,0,0,0.419546180922395
212394033260#165376540325,1,0,0.419546180922395
4292931987#4206294979,0,0,0.419546180922395
2061946625#4874906617,0,1,0.559990680522912
3309721567#2301850248,0,0,0.0
4283348799#2066977172,0,0,0.419546180922395
2116078007#489466582552,0,1,0.559990680522912
70569712258#2044195515,0,0,0.419546180922395
4572325313#2977432095,0,1,0.559990680522912
3517506225#3712801411,0,0,0.419546180922395
1431887069#6626538016,0,0,0.419546180922395
3287136295#2183968048,0,0,0.419546180922395
2085225572#3463623936,0,0,0.0
4435666805#4219594137,0,1,1.0
3212722992#466235290974,0,0,0.419546180922395
4070427569#4874906617,0,1,0.559990680522912
4915878989#1733350200,0,0,0.419546180922395
4065795437#2055771737,0,0,0.419546180922395
4006392099#2028165651,0,0,0.419546180922395
4435802207#1978617477,0,1,0.559990680522912
4589820532#1410206420,0,0,0.419546180922395
1815633130#4705563490,0,0,0.419546180922395
4427940311#3712801411,0,0,0.419546180922395
1321360812#2055377608,0,0,0.419546180922395
4030079241#2054724323,0,0,0.419546180922395
4185358309#3578109145,0,0,0.419546180922395
2007329552#2007329562,0,0,0.419546180922395
4062424365#23593454505,0,0,0.419546180922395
4915878989#2121155353,0,0,0.419546180922395
211516818734#4796107660,1,0,0.419546180922395
1443062561#3287136302,0,0,0.419546180922395
4226659635#2359572372,0,0,0.419546180922395
1485299018#4572325313,0,0,0.11186596354537809
1627738213#200792633059,0,0,0.419546180922395
3475895224#3660138423,0,1,0.559990680522912
3072525687#2057186115,0,0,0.419546180922395
4749417182#2146119221,0,0,0.419546180922395
448871401046#4777455284,0,0,0.419546180922395
1965402836#3945392968,0,0,0.419546180922395
124076009506#4506831459,0,0,0.419546180922395
3915411982#3931049291,0,0,0.419546180922395
1403922320#179195001984,1,1,0.7937109671166276
1760226057#90189177932,0,0,0.419546180922395
4283348799#1470085027,0,0,0.419546180922395
4059739506#4158960527,0,0,0.419546180922395
3993041966#4448830722,0,0,0.419546180922395
2056662276#2055377608,0,1,0.6628854140845918
3628839722#3451234547,0,0,0.419546180922395
99206573417#141703162569,0,0,0.419546180922395
26795163325#4697566414,0,0,0.419546180922395
81732347381#4730947102,0,0,0.419546180922395
1416629632#3862188518,0,0,0.419546180922395
4755216808#3735183725,0,0,0.419546180922395
1701535671#4082182753,0,0,0.419546180922395
3825974020#43182039587,0,0,0.419546180922395
4965682215#5122767609,1,0,0.419546180922395
4435630212#4606763895,0,0,0.419546180922395
2009723716#441422692319,0,0,0.419546180922395
2056961978#2028648293,1,1,0.6628854140845918
4506637171#4185358309,1,1,0.6280793700657462
1316070485#1470085027,0,0,0.419546180922395
54158063899#2069380321,0,0,0.419546180922395
10605371390#2063930195,0,0,0.419546180922395
200569781240#1614597826,0,0,0.419546180922395
2061946625#373850276629,0,1,0.559990680522912
54160155723#2075899540,0,0,0.419546180922395
1920884120#4590537395,0,0,0.419546180922395
3612961288#4455655369,0,0,0.419546180922395
1431887069#1592253963,0,0,0.419546180922395
69055886795#4255048934,0,0,0.419546180922395
2224193149#5068270943,0,0,0.419546180922395
4495044650#433432593358,0,0,0.419546180922395
4552735561#1592253963,0,0,0.419546180922395
4384418878#4285651704,0,0,0.419546180922395
35234959099#4867751970,0,0,0.419546180922395
69054998391#2061244620,0,0,0.419546180922395
69055007639#68727484174,0,1,0.6628854140845918
226965211490#4283750934,0,0,0.419546180922395
4635899864#4623955861,0,0,0.419546180922395
138649305625#2079580923,0,0,0.419546180922395
4027278504#6633358861,0,0,0.419546180922395
1309241819#4593095274,0,0,0.419546180922395
248509310374#5045337406,0,0,0.419546180922395
1303289685#3591652360,0,0,0.419546180922395
1639385502#4715649755,0,0,0.419546180922395
4003389165#4715649755,1,0,0.419546180922395
302839388028#3629081901,0,0,0.419546180922395
1715361146#138649305625,0,1,0.559990680522912
3628839722#3477269989,1,0,0.419546180922395
91686025987#2057082379,0,0,0.419546180922395
4938744224#2058563113,0,0,0.419546180922395
1952051609#2640338192,0,0,0.419546180922395
2359572372#66891007246,0,0,0.419546180922395
379478718058#4283786658,0,0,0.419546180922395
3072527640#13389301105,0,1,0.559990680522912
1517548862#1303289685,1,1,0.559990680522912
25271558033#1785334661,0,0,0.419546180922395
1384518673#1759667553,0,0,0.419546180922395
4622989684#2050429391,0,0,0.419546180922395
69055007639#1815633130,0,0,0.419546180922395
4746833490#4162055411,0,0,0.419546180922395
1479236027#1479236028,0,0,0.419546180922395
2111616240#3477028783,0,0,0.419546180922395
2058494409#3633082639,0,0,0.419546180922395
2012448159#3484000884,0,0,0.419546180922395
117873856741#4070427569,0,1,0.6280793700657462
2050760324#2057536594,0,0,0.419546180922395
2416679645#3903296434,0,0,0.419546180922395
4746833490#2169788953,0,0,0.419546180922395
3212722992#4535937748,0,0,0.419546180922395
2359435242#2118416856,0,0,0.419546180922395
2069380321#1512838165,0,0,0.419546180922395
4819735406#3475895224,0,1,0.559990680522912
202083551880#1902954948,0,1,0.559990680522912
3077743360#1648883631,0,0,0.419546180922395
4435666805#3927439605,0,1,1.0
3660138423#1349608070,0,0,0.419546180922395
49507593260#156276919685,0,0,0.419546180922395
3054434630#3926916973,0,1,0.7897511787548684
4165151066#88520940864,0,0,0.419546180922395
6013639039#4273519745,0,0,0.419546180922395
4222933048#4042116073,1,1,0.559990680522912
200792633059#2057082379,1,1,0.7897511787548684
2057202369#2057202352,0,0,0.419546180922395
4292931987#4038622993,0,0,0.419546180922395
5197250019#192584035425,0,0,0.419546180922395
31657249259#4813716345,0,1,0.559990680522912
1389018108#64393522082,0,0,0.419546180922395
191333072438#4057038032,0,0,0.419546180922395
206301674199#97378085541,0,0,0.419546180922395
4451089335#4782028642,0,0,0.419546180922395
4606763895#4657395496,1,0,0.419546180922395
4081158129#3540847089,1,0,0.419546180922395
4590537395#4019678912,0,0,0.419546180922395
140581144985#2114708220,0,0,0.419546180922395
69054982841#69055007639,0,1,0.6628854140845918
4274235353#2598389634,1,0,0.419546180922395
4713666808#3791609567,0,0,0.419546180922395
2054666779#1694379811,0,1,0.559990680522912
4657354294#4226659634,1,0,0.419546180922395
3477269984#2088439298,0,0,0.419546180922395
2063941871#5183118904,0,0,0.419546180922395
2183428945#2026258516,0,1,0.559990680522912
3487828519#3487828531,0,0,0.419546180922395
2058129925#1470085027,0,0,0.419546180922395
124076009506#3487828531,0,0,0.419546180922395
4877012874#2026312944,0,1,0.559990680522912
1711768137#1416301524,0,0,0.4719447371241417
1479236023#1479236024,0,0,0.419546180922395
2090772224#3043166693,0,0,0.419546180922395
4165151066#2133358535,0,1,0.559990680522912
4004633045#1523991651,0,0,0.419546180922395
3993041966#3988152389,1,0,0.419546180922395
2085225572#3559141878,0,0,0.419546180922395
18465765293#4720990747,0,1,0.6280793700657462
1349608070#10183965715,0,0,0.419546180922395
29103099346#1391856996,0,0,0.419546180922395
3628839716#3477269984,0,0,0.419546180922395
4212827921#4460827792,0,0,0.419546180922395
4915878989#5022076775,0,0,0.419546180922395
4966778011#4200588492,0,0,0.419546180922395
2115662086#2359435242,0,1,0.9585961081094649
6633440508#156276601478,0,1,0.6881760335960431
2079580923#3082042195,0,0,0.419546180922395
3295629869#3714314534,0,0,0.419546180922395
2048870562#4624517252,0,1,0.6280793700657462
2598389634#4111311078,0,0,0.419546180922395
2055771737#1627677359,0,0,0.419546180922395
4720990752#4808238795,1,1,0.6280793700657462
2159739481#1497880313,0,0,0.419546180922395
3986761734#156276919685,0,0,0.419546180922395
2063837093#5095491561,0,0,0.419546180922395
1431930648#2037536844,0,0,0.419546180922395
4867751970#2066977172,0,0,0.419546180922395
192584035425#1929601246,0,0,0.419546180922395
4657354311#4232471781,0,0,0.419546180922395
2229939616#13389301105,0,0,0.419546180922395
1759205074#2038238076,0,0,0.419546180922395
2071801820#2057352941,0,1,0.6280793700657462
2306327656#169883264664,0,0,0.419546180922395
4165283827#4217397015,0,0,0.419546180922395
245814065042#106190147487,0,0,0.419546180922395
2058222393#4081158129,0,0,0.419546180922395
4222933048#412740201285,0,0,0.419546180922395
3792586113#2066977172,0,0,0.419546180922395
203654552716#3295629869,0,0,0.419546180922395
4498422001#10553947604,0,0,0.419546180922395
3414290684#1740857110,0,0,0.419546180922395
373850277197#373850276629,1,1,0.559990680522912
2057186102#4702376819,0,0,0.419546180922395
2079580923#4590123310,0,0,0.419546180922395
2061946625#4763332016,0,0,0.419546180922395
4081158129#211516818734,0,0,0.419546180922395
441422692319#4289060913,0,0,0.419546180922395
4593095274#2671772709,0,0,0.419546180922395
141703162569#4744904703,0,0,0.419546180922395
9043448493#1718702641,0,0,0.419546180922395
4460920026#3591652360,0,0,0.419546180922395
280987330860#291245346593,1,0,0.419546180922395
4959266141#3204907291,0,0,0.419546180922395
4506637171#2180579787,0,1,0.559990680522912
2183968048#2026258516,0,1,0.559990680522912
4848820948#11636622561,1,0,0.419546180922395
102904734113#172020433612,0,0,0.419546180922395
4283348799#2050581826,0,0,0.419546180922395
4283348799#4506637171,0,0,0.419546180922395
4080777239#3903296434,0,0,0.419546180922395
2065354050#1818747488,0,0,0.419546180922395
4015401444#4699490403,0,0,0.419546180922395
2075302660#5078702464,0,0,0.419546180922395
4283348799#1614597826,0,0,0.419546180922395
2112308267#1552178606,0,1,0.8258249424897236
3081749686#4475595676,0,0,0.419546180922395
1438441441#3304467506,0,0,0.419546180922395
4348498011#3934516600,0,1,0.6280793700657462
1752749947#1512838165,0,0,0.419546180922395
4335101562#4218561827,0,0,0.419546180922395
4345845643#3986575237,0,0,0.419546180922395
2075611951#4062424365,0,0,0.419546180922395
2058407169#4222933048,0,0,0.419546180922395
4777455284#2026258516,0,0,0.419546180922395
1416693660#2146119221,0,0,0.419546180922395
5206675985#14586847312,1,1,0.6280793700657462
2304664037#2176735919,0,1,0.559990680522912
4650641709#49857216438,0,1,0.559990680522912
2063837093#245814065042,0,0,0.419546180922395
167570408533#4579061300,0,0,0.419546180922395
204767102724#3870637640,0,0,0.419546180922395
4959793179#4165151066,0,0,0.419546180922395
3986761734#1627738213,0,0,0.419546180922395
63573545398#169388103646,1,1,1.0
3883325282#1978617477,0,0,0.419546180922395
3792586113#49507593260,0,0,0.419546180922395
54160155723#3962069458,0,1,0.6280793700657462
3882168316#3477269984,0,0,0.419546180922395
2873066846#3304467506,0,0,0.419546180922395
18466522141#1479606018,0,0,0.419546180922395
293198128708#2057186168,0,0,0.419546180922395
14613455236#2058531416,0,0,0.419546180922395
1403922320#4003389165,0,0,0.419546180922395
156276601653#369955904629,0,0,0.419546180922395
4274235353#5205408909,0,0,0.419546180922395
4203062441#4375212253,0,0,0.419546180922395
14613451516#18466522141,1,0,0.419546180922395
28375457127#91686025987,0,0,0.419546180922395
90189177932#4975664600,0,1,0.6628854140845918
4332430141#4523609337,0,0,0.419546180922395
3267338675#3271713296,1,1,1.0
2640338192#1649349373,0,1,0.6280793700657462
4673640575#1875566008,0,0,0.419546180922395
1438441441#2873066846,0,0,0.419546180922395
4264634558#4219594127,0,0,0.419546180922395
2146061466#1564005555,0,0,0.0
3735183725#4529171947,0,0,0.419546180922395
2067534525#3946584694,0,1,0.6280793700657462
4659671054#54160155723,0,0,0.419546180922395
2056078364#117154450703,0,0,0.419546180922395
14613451516#14613455236,0,0,0.419546180922395
3290843988#2873066846,0,0,0.419546180922395
1312624571#1774818684,0,0,0.419546180922395
3477269989#3477269984,0,1,0.559990680522912
248509310374#106190147487,0,0,0.419546180922395
1512838165#4702376819,0,0,0.419546180922395
3887327251#4469025400,0,0,0.419546180922395
1365425184#2063837093,0,0,0.419546180922395
181358260931#2146119221,0,0,0.419546180922395
2111349786#2111351705,0,0,0.419546180922395
2114279054#4335101562,0,0,0.419546180922395
3409249156#9043448493,0,0,0.419546180922395
2057120532#2088439298,0,0,0.419546180922395
102514982310#2118416856,0,0,0.419546180922395
3845908374#2116078007,0,0,0.419546180922395
3056865396#5196417840,0,0,0.419546180922395
3629081901#4668248026,0,0,0.419546180922395
1594664396#3606108939,1,0,0.419546180922395
31657249259#4460920026,0,0,0.419546180922395
1564005555#179195001984,0,0,0.419546180922395
4361071311#2111351705,0,0,0.419546180922395
2056927656#2061673563,0,1,0.6280793700657462
4780994423#4965682215,0,0,0.419546180922395
4316370583#4415227218,0,0,0.419546180922395
2057573219#1805614122,0,0,0.419546180922395
4040861140#1453376890,1,0,0.419546180922395
4573019780#3903296442,0,0,0.419546180922395
3043036534#1634250118,0,0,0.419546180922395
3735183725#2146119221,0,0,0.419546180922395
4451089335#4448830722,0,0,0.419546180922395
4606763895#1590545992,0,0,0.419546180922395
4657354294#4111311078,0,0,0.419546180922395
3050152494#72124210175,0,0,0.419546180922395
4199527734#4959793179,0,0,0.419546180922395
4808983543#18465765293,0,0,0.419546180922395
1712004928#3628839717,0,0,0.419546180922395
4746787192#4746833482,0,0,0.419546180922395
3712213597#2057146445,0,0,0.419546180922395
2056513884#2128656141,0,0,0.419546180922395
466235290974#3487828531,0,0,0.419546180922395
4132115994#4206245003,1,0,0.419546180922395
66891007246#1479236023,0,0,0.419546180922395
54158063899#14613455236,0,0,0.419546180922395
1872011272#3717616592,0,0,0.419546180922395
1479236024#1479236028,0,0,0.419546180922395
3429527333#4792436579,0,0,0.419546180922395
2054666779#4165151066,0,1,0.559990680522912
3831306913#283482842835,0,0,0.419546180922395
4506831459#1479236025,0,0,0.419546180922395
2977432095#1646144729,0,0,0.419546180922395
1639219119#54158093151,0,0,0.419546180922395
4572510718#4643371260,0,1,0.5575647509150331
3287136302#2181531828,0,0,0.419546180922395
4650641709#2063941641,0,0,0.419546180922395
2118967459#4274088675,0,0,0.419546180922395
4910574353#1512838165,0,0,0.419546180922395
6633358861#4749417182,0,1,0.9585961081094649
4674140626#4205391929,0,0,0.419546180922395
2169788953#2062122607,1,0,0.419546180922395
1718702641#4283750934,0,0,0.419546180922395
5196417840#3708976648,0,0,0.419546180922395
580549064505#1479606018,0,0,0.419546180922395
2071801820#4001709701,0,1,0.6280793700657462
3279454241#4292931987,0,0,0.419546180922395
2119493181#3050152494,1,1,0.559990680522912
4256725997#4657354294,0,0,0.419546180922395
4726069349#4758277966,1,0,0.419546180922395
4573019780#6013639039,0,0,0.419546180922395
4460827792#2067590404,0,0,0.419546180922395
2054666779#1955012315,0,1,0.559990680522912
4196027218#3479468876,0,0,0.419546180922395
5031422175#35234959099,1,0,0.419546180922395
2027684481#1594664396,0,1,0.559990680522912
3409249156#4572510718,0,0,0.419546180922395
4673640575#9043448493,1,0,0.419546180922395
3072525687#2301850248,0,0,0.419546180922395
4004633045#6633358861,0,0,0.419546180922395
3442901956#1805614122,0,1,0.6280793700657462
3043036534#1410173485,0,0,0.419546180922395
2120338226#2175677532,0,0,0.419546180922395
2009659663#4158960527,0,0,0.419546180922395
4212792387#4300806520,0,1,0.559990680522912
1785334661#433432593358,0,0,0.419546180922395
70569712258#433432593358,0,0,0.419546180922395
2118041596#2075611951,0,0,0.419546180922395
3062884266#2009723716,0,0,0.419546180922395
2056078364#2119493181,0,1,0.559990680522912
248509310374#350874367544,0,0,0.419546180922395
2055771737#1416629632,0,0,0.419546180922395
4491307779#19200751877,0,0,0.419546180922395
4959266141#37132781634,1,0,0.419546180922395
2063941870#4623972834,0,0,0.419546180922395
302839388028#1479236027,0,0,0.419546180922395
81732347381#156275023490,0,0,0.419546180922395
150594495671#150594502346,0,0,0.419546180922395
3550979323#4222933048,0,0,0.419546180922395
3628839717#3477269984,1,0,0.419546180922395
1848719127#1649349373,0,1,0.559990680522912
8431809214#4232666143,0,0,0.419546180922395
2057202352#3702571839,0,0,0.419546180922395
1372537976#4150903702,0,0,0.419546180922395
4641732096#2296574953,0,0,0.419546180922395
4449163726#18465755385,0,0,0.419546180922395
1611432328#4697566414,0,0,0.419546180922395
4420971756#4196030610,0,0,0.419546180922395
2061946625#1533725661,0,1,0.559990680522912
1443062561#1309241819,0,0,0.419546180922395
3728591592#4145044745,0,1,0.559990680522912
4264534612#4264634558,0,0,0.419546180922395
3589653390#3509258338,0,0,0.419546180922395
2054734151#2075302660,0,0,0.419546180922395
10183965715#156275809937,0,0,0.419546180922395
4212827921#1541794055,0,0,0.419546180922395
64393522082#2055377608,0,1,0.6628854140845918
4206008942#1307862087,1,0,0.419546180922395
3633114696#6633358861,0,0,0.419546180922395
4831154380#5102675634,0,0,0.419546180922395
1592252801#2057536594,0,0,0.419546180922395
4010537132#3707618845,0,0,0.419546180922395
97875580425#72124210175,0,0,0.419546180922395
48384062571#5098812067,0,1,0.559990680522912
1541915947#5037293131,0,0,0.419546180922395
4292931987#3576237842,0,1,0.559990680522912
124657516337#4006392099,0,0,0.419546180922395
249652232743#4196030610,0,1,0.559990680522912
1416301524#3612961288,0,0,0.419546180922395
245814065042#1577232714,0,0,0.419546180922395
4480972193#3930220886,0,1,0.6280793700657462
2054815601#4674140626,0,0,0.419546180922395
3512605559#200792633059,0,0,0.419546180922395
2306327656#1372181647,0,0,0.419546180922395
3735183725#2057660030,0,0,0.419546180922395
1774643505#20439984991,0,1,0.559990680522912
3114734058#418215123949,0,0,0.419546180922395
3797472002#3791609567,1,0,0.419546180922395
418215123949#4449163726,0,0,0.419546180922395
3903296442#4786537439,0,0,0.419546180922395
138649305625#4667335909,0,0,0.419546180922395
2654931017#1774818684,0,0,0.419546180922395
2044195515#1500223180,0,0,0.419546180922395
2050760324#3633082639,1,0,0.419546180922395
2061946625#3927439605,0,0,0.419546180922395
3540847089#2058531416,0,0,0.419546180922395
3204907291#4516329204,0,0,0.419546180922395
1815809122#41965445982,0,0,0.419546180922395
3041145156#4150903702,0,0,0.419546180922395
99206573417#1347277680,1,0,0.419546180922395
138962728028#487072504294,0,0,0.419546180922395
2054815601#2043683805,0,0,0.419546180922395
20201333480#1627677359,0,0,0.419546180922395
3072527640#3475895224,0,1,0.559990680522912
3628839716#20439984991,0,0,0.419546180922395
3550979323#1319336886,0,0,0.419546180922395
1759205074#2067590404,0,0,0.419546180922395
3993041966#20201333480,0,0,0.419546180922395
4226659634#2037536844,0,0,0.419546180922395
226965211490#4744904703,0,0,0.419546180922395
4272953638#4273519745,0,0,0.4719447371241417
2359435242#441422692319,0,0,0.419546180922395
4144296423#2120460585,0,1,0.6628854140845918
210012116583#6013639039,0,0,0.419546180922395
2139604103#4027278504,0,0,0.419546180922395
1479236025#1712613661,0,0,0.419546180922395
4185479835#2026258516,0,0,0.419546180922395
4851873209#2050760324,0,0,0.419546180922395
1693941156#1611432328,0,0,0.419546180922395
5205408909#4212792387,0,1,0.559990680522912
2057273513#200792633059,0,0,0.419546180922395
5185529426#4720990748,0,0,0.419546180922395
5197250019#2101227068,0,1,1.0
4883419414#2057536594,0,0,0.419546180922395
2075611951#1320992608,0,0,0.419546180922395
3870637640#1479606018,0,0,0.419546180922395
4579061300#2061946625,0,0,0.419546180922395
152713369272#5034887015,0,0,0.419546180922395
4944832122#1709836734,0,0,0.419546180922395
418215123949#4285651704,0,0,0.419546180922395
3825974020#1416629632,0,0,0.419546180922395
3077766580#3564326181,0,0,0.419546180922395
2146119221#3995923367,0,0,0.419546180922395
1875566008#124076009506,0,0,0.419546180922395
3559141878#14613451516,0,0,0.419546180922395
2075302660#2116078007,0,0,0.419546180922395
4452424559#4158960527,0,0,0.419546180922395
3479468876#3602711494,1,0,0.419546180922395
392281366488#2229939616,0,0,0.419546180922395
3708028912#3047893935,0,0,0.419546180922395
3475895224#3882026745,0,1,0.559990680522912
203654552716#3287633018,0,0,0.419546180922395
3882168316#6633440508,0,0,0.419546180922395
4650344731#4345845643,0,0,0.419546180922395
1715361146#2009659663,1,0,0.419546180922395
4479393573#4435497569,1,1,0.5962414170018269
18465839155#1639385502,0,0,0.419546180922395
248509310374#4807598946,0,0,0.419546180922395
2139604103#4460813658,0,0,0.419546180922395
1453527936#2118416856,0,1,0.6280793700657462
2111350136#2111351705,0,0,0.419546180922395
3797472002#2043683805,0,0,0.419546180922395
4606763895#4933230830,0,0,0.419546180922395
4667944802#3845908374,1,1,0.6628854140845918
4623955861#4420971756,0,0,0.419546180922395
138649305625#103649711605,1,1,0.559990680522912
3409249156#3797472002,0,0,0.419546180922395
62533690929#66891007246,0,1,0.559990680522912
4070758202#2114326156,0,0,0.419546180922395
2058881485#2057273513,0,0,0.419546180922395
1470085027#1614597826,1,0,0.419546180922395
2058535644#4272798975,0,0,0.419546180922395
2065354050#3986761734,0,0,0.419546180922395
2113288221#4464914770,0,0,0.419546180922395
3881831374#2055988859,0,0,0.419546180922395
1833924490#4059739506,0,1,0.6280793700657462
5068270943#1309241821,0,0,0.419546180922395
4165283827#4196030610,0,0,0.419546180922395
4451089335#3988152389,0,0,0.419546180922395
1320992607#1320992608,0,0,0.419546180922395
2671772709#4111311078,0,0,0.419546180922395
4165283827#4185963090,0,0,0.419546180922395
4256926363#450892236156,0,0,0.419546180922395
2640338192#2598389634,0,0,0.419546180922395
200792633059#369955904629,0,0,0.419546180922395
35234959099#3458092809,0,0,0.419546180922395
3077905761#2297009298,0,1,0.6280793700657462
3474685536#3578109143,0,0,0.419546180922395
135707428689#3660138423,0,0,0.419546180922395
4259867589#4808180492,0,1,0.6628854140845918
2063596099#4735364801,1,0,0.419546180922395
4796107660#2068436073,0,0,0.419546180922395
1759205074#2111616240,0,0,0.419546180922395
29103099346#6626538016,0,1,0.6628854140845918
1639436942#28375457127,0,0,0.419546180922395
3935134734#4855494603,0,0,0.419546180922395
2060056771#4070758202,0,0,0.419546180922395
1685036582#4910574353,0,0,0.419546180922395
4062424365#2113093450,0,1,0.6280793700657462
2054815601#2063596099,0,0,0.419546180922395
4612302183#3072564418,0,0,0.419546180922395
2117967628#2061244620,0,0,0.419546180922395
3862188518#2296522678,0,0,0.419546180922395
2054734151#2050760324,0,0,0.419546180922395
3289002540#4150903702,0,0,0.419546180922395
5183118904#4523609337,0,0,0.419546180922395
187961304511#1347277680,0,0,0.419546180922395
4197957154#2067534525,0,1,0.6280793700657462
117873856741#52308312082,0,0,0.419546180922395
2159739481#1564005555,0,0,0.0
2063941870#2744122330,0,0,0.419546180922395
4641732096#4291077418,0,0,0.419546180922395
2079580923#1848079063,0,0,0.419546180922395
4506637171#3072564418,0,0,0.419546180922395
4176537188#140581144985,0,0,0.419546180922395
4232666143#4232471781,0,0,0.419546180922395
49857216438#4623972834,0,0,0.419546180922395
18466375636#2007329562,0,0,0.419546180922395
14613476507#2057082510,0,1,0.6881760335960431
2059786009#4145496082,0,0,0.419546180922395
6013639039#6626538016,0,0,0.419546180922395
450892236156#2009723716,0,0,0.419546180922395
3792586113#3995882585,1,0,0.419546180922395
1694379811#1497880313,0,1,0.559990680522912
2050760324#2075302660,0,0,0.419546180922395
3993041966#4451089335,0,0,0.419546180922395
8609591019#4668248026,0,0,0.419546180922395
4851639047#18468022060,0,0,0.419546180922395
5196417840#2123088534,0,0,0.419546180922395
2359572372#3903296442,0,0,0.419546180922395
2114716134#2113288221,0,0,0.419546180922395
4196027218#1314231362,0,0,0.419546180922395
2267710728#14613588147,0,0,0.419546180922395
3400442486#3735183725,0,0,0.419546180922395
2055377608#3964017834,1,1,0.6628854140845918
3920807098#1303289685,0,0,0.419546180922395
3429527333#2027684481,0,0,0.419546180922395
1320992607#4876527314,0,0,0.419546180922395
8431809214#2117967628,0,0,0.419546180922395
102514982310#3979884544,0,0,0.419546180922395
3707618845#4373986045,0,0,0.419546180922395
2057657991#2057660030,0,0,0.419546180922395
2615156599#4291077418,0,0,0.419546180922395
4659671054#4643371260,1,1,0.5575647509150331
1453376890#4232471781,0,0,0.419546180922395
2355519467#3862188518,0,0,0.419546180922395
2066977172#4003389165,0,0,0.419546180922395
4495044650#117729109245,0,0,0.419546180922395
4643805223#2296574953,0,0,0.419546180922395
156276601653#156276919685,0,0,0.419546180922395
2301850248#2098918003,0,0,0.0
4693830154#1611432328,0,0,0.419546180922395
1349608070#2038238076,0,0,0.419546180922395
191333072438#169883264664,1,0,0.419546180922395
109165560395#4697566414,0,0,0.419546180922395
4206008942#2120338226,0,0,0.419546180922395
4790633062#4808238795,0,1,0.6280793700657462
2060056771#2044195515,0,0,0.419546180922395
4819735406#2977432095,0,1,0.559990680522912
4272798975#2009723716,0,1,0.7897511787548684
90189177932#69055007639,0,1,0.6628854140845918
2057082510#1465579387,0,0,0.419546180922395
335230006871#580549064505,0,0,0.419546180922395
169388103646#1479236027,0,0,0.419546180922395
4038622993#4206294979,0,0,0.419546180922395
4283786658#391306865273,0,0,0.419546180922395
4274235353#2055492411,0,0,0.419546180922395
4819851561#4327730515,0,1,0.6280793700657462
1416629632#37014617781,0,0,0.419546180922395
1774818684#2069945983,0,1,0.6881760335960431
49857216438#3641396498,0,1,0.559990680522912
1701535671#4254960496,0,0,0.419546180922395
474022190894#2119387186,0,1,0.559990680522912
4702376819#4111311078,0,0,0.419546180922395
66891007246#49857216438,0,1,0.559990680522912
3081749686#91686025987,0,0,0.419546180922395
5037293131#64461302079,1,1,0.6628854140845918
3105105450#2140707372,0,0,0.419546180922395
379478718058#1541794055,0,0,0.419546180922395
3477269984#5095491561,0,0,0.419546180922395
412740201285#3033447588,0,0,0.419546180922395
4206244931#4623324616,0,0,0.419546180922395
114453608394#2027684481,0,0,0.419546180922395
5169209205#4910574353,0,0,0.419546180922395
5079490375#2113093450,0,0,0.419546180922395
448871401046#3041145156,0,0,0.419546180922395
4199527734#4650641709,0,0,0.419546180922395
4702376819#4674166292,1,0,0.419546180922395
4840518949#2028165651,0,0,0.419546180922395
4650344731#5034887015,0,0,0.419546180922395
1372178479#49507593260,0,0,0.419546180922395
4429667301#4883419414,0,0,0.419546180922395
4188977524#3501281334,0,0,0.419546180922395
3927040910#2057186168,0,0,0.419546180922395
3045169703#1712613661,0,0,0.419546180922395
4464938911#4427940311,0,0,0.419546180922395
4091678032#245814065042,0,0,0.419546180922395
1639157122#6633358861,0,0,0.419546180922395
2190429617#2488218738,1,0,0.419546180922395
4335101562#43182039587,0,0,0.419546180922395
114453608394#4427940311,0,0,0.419546180922395
14586847312#4506831459,0,0,0.419546180922395
2063941870#4813716345,0,0,0.419546180922395
14586847312#2056961978,0,1,0.6280793700657462
3988152389#25271558033,0,0,0.419546180922395
1592253963#1431930648,0,0,0.419546180922395
2183968048#2183428945,0,0,0.11186596354537809
2146119221#4755216808,0,0,0.419546180922395
5169209205#1752749947,0,0,0.419546180922395
18465765293#4720990748,0,1,0.6280793700657462
142083821417#2061674343,0,0,0.419546180922395
2267710728#14613460476,0,0,0.419546180922395
3364587358#3913210887,0,0,0.419546180922395
1701535671#2057352941,0,0,0.419546180922395
4933360994#4657354294,0,0,0.419546180922395
4464938911#4819735406,1,1,0.559990680522912
4941134416#5090005176,0,0,0.419546180922395
4027278504#2306327656,0,0,0.419546180922395
4254960496#2057514370,0,0,0.419546180922395
3041186060#1410173485,0,1,0.6280793700657462
4965682215#4965700329,0,0,0.419546180922395
2671772709#2048870562,0,0,0.419546180922395
4285651704#3591652360,0,0,0.419546180922395
2054734151#3633082639,0,0,0.419546180922395
3628839716#5122767609,0,0,0.419546180922395
1372606932#4200588492,0,0,0.419546180922395
1693960182#4786425382,0,0,0.419546180922395
3077905761#4819735406,0,0,0.419546180922395
3077309817#3633082639,0,0,0.419546180922395
4575249992#172020433612,0,0,0.419546180922395
4867525539#4354163617,0,0,0.419546180922395
3463623936#2111349786,0,0,0.419546180922395
4435630212#1590545992,0,0,0.419546180922395
496613160423#3458092809,0,0,0.419546180922395
2055608440#1627677359,0,0,0.419546180922395
2050760324#4176537188,0,0,0.419546180922395
88520940864#3363374241,0,0,0.419546180922395
4335101562#4375212253,1,0,0.419546180922395
2120525705#3309721567,0,0,0.419546180922395
4808180492#4790633062,0,1,0.6280793700657462
4150903702#4941134416,0,0,0.419546180922395
433432593358#412740201285,0,0,0.419546180922395
4529171947#4226781300,0,0,0.419546180922395
2055608440#2075302660,0,0,0.419546180922395
3629081901#4667944802,0,1,0.6628854140845918
1384518673#1782375467,0,0,0.419546180922395
3475895224#4659671054,0,0,0.419546180922395
4603465738#3416051894,0,0,0.419546180922395
4657354311#2068611560,0,0,0.419546180922395
29103099346#63975298498,0,1,0.6628854140845918
3610178183#4274088675,0,0,0.419546180922395
3915411982#1776613381,0,0,0.419546180922395
31657249259#63975298498,0,0,0.419546180922395
4636446230#2066977172,0,0,0.419546180922395
3708976648#4272953638,0,0,0.419546180922395
1637581644#2054666779,0,1,0.559990680522912
3711116048#373850276629,0,0,0.419546180922395
2056927656#2359113449,1,1,0.6280793700657462
3578109143#3551393130,0,0,0.419546180922395
2277829162#2059400154,0,0,0.419546180922395
1309241821#4111406344,0,0,0.419546180922395
3927439605#3487828531,0,0,0.419546180922395
1389154734#3053549924,0,0,0.419546180922395
43182039587#4786537439,0,1,0.6280793700657462
3660138423#5068270943,0,1,0.559990680522912
2306327656#4786537439,0,0,0.419546180922395
298575330094#2056513884,0,0,0.419546180922395
117154450703#114453608394,0,0,0.419546180922395
4673640575#4933360994,0,0,0.419546180922395
2056927656#2118416856,0,1,0.6280793700657462
1694379811#2085225572,0,0,0.0
4807598946#2114708220,0,0,0.419546180922395
3735183725#5122809038,0,0,0.419546180922395
2038238076#4264534612,0,0,0.419546180922395
4332430141#4117072069,0,0,0.419546180922395
302839388028#2058563113,0,0,0.419546180922395
5122767609#2016866277,0,0,0.419546180922395
4643371260#4065734118,0,0,0.419546180922395
2267710728#1479236025,0,0,0.419546180922395
4435836422#54158093151,0,0,0.419546180922395
1517548862#5196417840,0,0,0.419546180922395
4797165759#18465839155,0,0,0.419546180922395
23593454505#303433622485,0,0,0.419546180922395
4796107660#1497880313,0,0,0.419546180922395
2359572372#2113288221,0,0,0.419546180922395
4070758202#4415227218,0,0,0.419546180922395
203654552716#4809064482,0,0,0.419546180922395
1818747488#2012443116,1,0,0.419546180922395
2113270608#172020433612,0,0,0.419546180922395
5045337406#448871401046,0,0,0.419546180922395
1485299018#2133358535,0,1,0.559990680522912
2296574953#2136267751,0,0,0.419546180922395
2057273513#1759667553,0,0,0.419546180922395
2065354050#2059840221,0,0,0.419546180922395
3578109145#2058563113,0,0,0.419546180922395
5205797148#4004633045,0,0,0.419546180922395
1389154734#5122809038,0,0,0.419546180922395
4938744224#4435836422,0,0,0.419546180922395
1633806208#2056662276,0,1,0.6628854140845918
4448830722#1309241821,0,0,0.419546180922395
2090772224#3271713296,0,0,0.419546180922395
150594502346#212394033260,0,0,0.419546180922395
2977432095#3077743360,0,0,0.419546180922395
4162055411#2218261094,0,0,0.419546180922395
3641396498#5206675985,0,0,0.419546180922395
4720990748#1320992610,0,0,0.419546180922395
2058222393#1648883631,0,0,0.419546180922395
508313498462#298575330094,1,1,0.559990680522912
4612302183#2133663760,0,0,0.419546180922395
63573545398#2180579787,0,0,0.419546180922395
1479236027#1479236024,0,0,0.419546180922395
5034887015#2054815601,0,0,0.419546180922395
3797472002#4713666808,0,0,0.419546180922395
69054982841#3629081901,0,1,0.6628854140845918
3416051894#216572631693,0,0,0.419546180922395
3931049291#373850277197,0,0,0.419546180922395
206301674199#211675776290,1,0,0.419546180922395
1410173485#2108699584,0,0,0.419546180922395
2296522678#2071801820,0,0,0.419546180922395
3798986721#2063837093,0,0,0.419546180922395
3251483032#3363374241,0,1,0.7897511787548684
2183428945#2183963548,0,0,0.11186596354537809
4283750934#3077309817,0,0,0.419546180922395
4705563490#433432593358,0,0,0.419546180922395
245814065042#4283786658,0,0,0.419546180922395
5205797148#5183692300,0,0,0.419546180922395
280987330860#4059739506,0,0,0.419546180922395
4876527314#4206245003,0,0,0.419546180922395
3114734058#4283348799,0,0,0.419546180922395
4944579314#2113093450,0,0,0.419546180922395
1479236023#1479236027,0,0,0.419546180922395
3477269989#2068436073,0,1,0.559990680522912
3363374241#4226781300,0,0,0.419546180922395
2136267751#1711730143,0,0,0.419546180922395
179195001984#2090772224,0,0,0.419546180922395
29608029868#28375457127,0,0,0.419546180922395
3364587358#2063837093,0,0,0.419546180922395
4226781300#2119467444,0,0,0.419546180922395
3400442486#3825974020,0,0,0.419546180922395
3876493191#4540676462,0,0,0.419546180922395
156276506111#4720990747,0,0,0.419546180922395
69055007639#69054998391,0,1,0.6628854140845918
4375212253#2108699584,0,0,0.419546180922395
1389154734#3230703164,0,0,0.419546180922395
1848719127#4877012874,0,1,0.559990680522912
2057352941#3930220886,0,1,0.6280793700657462
3474685536#3477269984,0,0,0.419546180922395
249652232743#156276919685,0,0,0.419546180922395
4585413933#2183963548,0,1,0.559990680522912
216572631693#4283750934,0,0,0.419546180922395
1453376890#2123088534,0,0,0.419546180922395
1438255025#3995923367,1,1,0.6280793700657462
3279454241#3636206032,0,1,0.6280793700657462
4938744224#4755216808,0,0,0.419546180922395
4415227218#4003389165,0,0,0.419546180922395
203654552716#3986575237,0,0,0.419546180922395
4657395496#580549064505,0,0,0.419546180922395
391306865273#2043683805,0,0,0.419546180922395
2016866277#2054666779,0,1,0.559990680522912
4226781300#152713369272,0,0,0.419546180922395
3279454241#4452424559,0,0,0.419546180922395
3287805133#4667944802,0,0,0.419546180922395
4091776857#2012443116,0,0,0.419546180922395
4226781300#14613476507,0,0,0.419546180922395
4272953638#4196027218,0,0,0.419546180922395
124076009506#4030079241,0,0,0.419546180922395
1752749947#97378085541,0,0,0.419546180922395
38406123057#91686025987,0,0,0.419546180922395
3475895224#3995923367,0,0,0.419546180922395
11636622561#4065795437,0,0,0.419546180922395
4449163726#4653988894,0,0,0.419546180922395
4840518949#5205408909,0,1,0.559990680522912
2057536594#2055608440,0,0,0.419546180922395
3400442486#2050581826,0,0,0.419546180922395
5098812067#3633529401,0,0,0.419546180922395
3927031679#2057273513,0,1,0.6628854140845918
4065734118#6013639039,0,0,0.419546180922395
3477028783#3041186060,0,0,0.419546180922395
466235290974#1577232714,0,0,0.419546180922395
4965682215#1307862087,0,0,0.419546180922395
2114326156#2088439298,0,0,0.419546180922395
8431809214#4657354294,0,0,0.419546180922395
5122767609#4749417182,0,0,0.419546180922395
18468022060#4786425382,0,0,0.419546180922395
2012443116#2169788953,0,0,0.419546180922395
3061887297#3474155608,1,0,0.419546180922395
4291077418#5045337406,0,0,0.419546180922395
3641396498#1479236024,0,0,0.419546180922395
4231111906#3212722992,0,0,0.419546180922395
6013639039#4944579314,0,0,0.419546180922395
4219594127#2113270608,0,1,0.6628854140845918
5169209205#4702376819,0,0,0.419546180922395
114453608394#90189177932,0,0,0.419546180922395
4460920026#4236870644,1,0,0.419546180922395
2671772709#206301674199,0,0,0.419546180922395
3072527640#4460920026,0,0,0.419546180922395
2058494409#1805614122,0,0,0.419546180922395
1644134375#6633358861,0,0,0.419546180922395
4176537188#2058531416,0,0,0.419546180922395
2068611560#18468022060,0,0,0.419546180922395
3747287828#2058407169,0,0,0.419546180922395
5196417840#1500223180,0,0,0.419546180922395
5196417840#2615156599,0,0,0.419546180922395
68727484174#69054998391,0,1,0.6628854140845918
2056662276#4895194761,0,0,0.419546180922395
3487828519#4150903702,0,0,0.419546180922395
4606763895#52308312082,0,0,0.419546180922395
4283750934#106190147487,0,0,0.419546180922395
2070627808#4944579314,0,0,0.419546180922395
124657516337#245814065042,0,0,0.419546180922395
4667335909#3747287828,0,0,0.419546180922395
3487828519#3501281334,0,1,0.6628854140845918
4111406344#3056865396,0,0,0.419546180922395
2117967628#2062075977,0,0,0.419546180922395
4283750934#3309721567,0,0,0.419546180922395
69055007639#69055886795,0,0,0.419546180922395
4200588492#1321360812,0,0,0.419546180922395
4150903702#3501281334,0,0,0.419546180922395
4132115994#18468022060,0,0,0.419546180922395
1633806208#64461302079,0,1,0.6628854140845918
2056078364#1637581644,0,1,0.559990680522912
3477028783#4475595676,0,0,0.419546180922395
4116715778#3287136302,0,0,0.419546180922395
2056927656#3052180518,0,1,0.6280793700657462
1955030813#3429527333,0,0,0.419546180922395
103649711605#3846933347,0,0,0.419546180922395
66891007246#2118967459,0,0,0.419546180922395
4301048457#1711995496,0,0,0.419546180922395
3061887297#4206008942,0,0,0.419546180922395
1541915947#1785334661,0,0,0.419546180922395
2067590404#4475595676,0,0,0.419546180922395
2180579787#2359572372,0,0,0.419546180922395
29103099346#4643805223,0,0,0.419546180922395
97875580425#54160155723,0,0,0.419546180922395
3903296442#3903296434,0,0,0.419546180922395
3660138423#2488218738,0,0,0.419546180922395
3287136303#3287136302,0,0,0.419546180922395
3290768654#2063596827,0,0,0.419546180922395
3929215225#4744904703,0,0,0.419546180922395
4259867589#2007329562,0,0,0.419546180922395
102514982310#150594502346,0,0,0.419546180922395
97875580425#4965685047,0,0,0.419546180922395
3081749686#4819851561,0,1,0.6881760335960431
4429667301#1594664396,0,0,0.419546180922395
4535937748#4145044745,0,0,0.419546180922395
4348498011#302839388028,0,0,0.419546180922395
156275023490#4693830154,0,0,0.419546180922395
1752749947#4910574353,1,0,0.419546180922395
6013639039#3564326181,0,0,0.419546180922395
4705563490#4662125901,1,1,0.559990680522912
4145044745#4144296423,0,0,0.419546180922395
3991972122#4819851561,0,1,0.6881760335960431
3474685536#3477269989,0,0,0.419546180922395
4693830154#1815809122,0,0,0.419546180922395
63975298498#4498422001,0,0,0.419546180922395
3442901956#1932250238,0,0,0.419546180922395
5078702464#4199527734,0,1,0.6628854140845918
2640338192#4807598946,0,0,0.419546180922395
1644134375#5196417840,0,0,0.419546180922395
4877012874#3707618845,0,0,0.419546180922395
10553947604#49857216438,0,0,0.419546180922395
2027684481#1711995496,0,1,0.6280793700657462
14586847312#5122809038,0,0,0.419546180922395
1929601246#3072525687,0,0,0.419546180922395
1320992610#1320992607,0,0,0.419546180922395
2169788953#3930220886,0,0,0.419546180922395
3915411982#4274088675,0,0,0.419546180922395
4572325313#4819735406,0,1,0.559990680522912
3043166693#2058222393,1,0,0.419546180922395
3479468876#4717447489,0,0,0.419546180922395
4460827792#1719728040,0,0,0.419546180922395
4855494603#10553947604,0,0,0.419546180922395
63975298498#3062884266,0,0,0.419546180922395
96073549554#202083551880,0,0,0.419546180922395
138962728028#3501281334,0,1,0.6628854140845918
2654931017#1416629632,0,0,0.419546180922395
8431809214#4070366893,0,0,0.419546180922395
2115848787#2120338226,0,0,0.419546180922395
1312745457#4145771589,0,0,0.419546180922395
4585413933#2114279054,0,1,0.559990680522912
418215123949#2063837093,0,0,0.419546180922395
1552178606#4082003885,0,1,0.6881760335960431
4435630212#1693960182,0,0,0.419546180922395
4915878989#1512838165,1,0,0.419546180922395
3967431642#2063941871,0,0,0.419546180922395
5169209205#3934516600,0,0,0.419546180922395
2120338226#5185554343,0,0,0.419546180922395
1453527936#4027278504,0,0,0.419546180922395
4435802207#199104051031,1,0,0.419546180922395
1965402836#4585413933,0,1,0.559990680522912
4579061300#4874906617,0,0,0.419546180922395
4744904703#2044195515,0,0,0.419546180922395
433432593358#2075302660,0,0,0.419546180922395
4893087221#1372178479,0,0,0.419546180922395
3993041966#4130010417,0,0,0.419546180922395
4623434856#3931049291,0,0,0.419546180922395
3633082639#4283750934,0,0,0.419546180922395
1694379811#1902954948,0,1,0.559990680522912
4705563490#5183692300,0,0,0.419546180922395
3204907291#3935134734,0,0,0.419546180922395
2121155353#3041145156,0,0,0.419546180922395
1648883631#329798453133,0,0,0.419546180922395
2057657991#1848079063,1,0,0.419546180922395
187961304511#4744904703,0,0,0.419546180922395
124657516337#4589820532,0,0,0.419546180922395
3920807098#4898730811,0,0,0.419546180922395
5210339793#1833924490,0,1,0.6280793700657462
2055377608#5956875678,0,0,0.419546180922395
97875580425#97378085541,0,0,0.419546180922395
3287805133#3602711494,0,0,0.419546180922395
4933360994#2063941641,0,0,0.419546180922395
3033453452#5078702464,0,0,0.419546180922395
1639183384#4070427569,0,0,0.419546180922395
1859050383#1932250238,0,0,0.419546180922395
63975298498#6626538016,1,1,0.6628854140845918
1479236025#2057186115,0,0,0.419546180922395
3997209484#2070030589,0,0,0.419546180922395
1627677359#1929467433,0,0,0.419546180922395
2615156599#2123088534,0,0,0.419546180922395
5185529458#2063930195,0,1,0.6881760335960431
2012448159#4746833482,0,0,0.419546180922395
97378085541#156276919685,1,0,0.419546180922395
4271919356#4206008942,0,0,0.419546180922395
1712004928#2092174215,0,1,0.559990680522912
4283750934#190662008501,0,0,0.419546180922395
1453527936#1457252565,0,0,0.419546180922395
2120338226#4185479835,0,0,0.419546180922395
4455655369#4130010417,0,0,0.419546180922395
4219594127#443982000626,0,0,0.419546180922395
4763332016#3487828531,0,0,0.419546180922395
2056662276#4877012874,0,0,0.419546180922395
4274088675#1712613661,0,0,0.419546180922395
4975664600#90189178714,0,1,0.6628854140845918
2977766885#150594495671,0,0,0.419546180922395
3416051894#4145044745,0,0,0.419546180922395
3945392968#2069380321,0,0,0.419546180922395
2359435242#75959618233,0,0,0.419546180922395
138649305625#489466582552,0,1,0.559990680522912
4464938911#211675776290,0,0,0.419546180922395
3041186060#2069078384,0,1,0.6280793700657462
2059397275#4272953638,0,0,0.419546180922395
1848079063#5034887015,0,0,0.419546180922395
4301048457#69054982841,0,0,0.419546180922395
5956875678#64393522082,0,0,0.419546180922395
448871401046#285571185833,0,0,0.419546180922395
35234959099#1479236027,0,0,0.419546180922395
1774643505#1877399023,0,1,0.559990680522912
3946584694#1995007743,0,0,0.419546180922395
3416051894#187961304511,0,0,0.419546180922395
2113270608#4219594137,0,1,0.6628854140845918
2050429391#4206244931,0,1,0.6628854140845918
3870637640#4460813658,0,0,0.419546180922395
2190429617#5124643800,0,0,0.419546180922395
2057706385#2726123301,0,0,0.419546180922395
2056961978#3287633018,0,0,0.419546180922395
4506637171#2007329552,0,1,0.559990680522912
13389301105#103649711605,0,1,0.559990680522912
2176735919#3077743360,0,0,0.419546180922395
2056078364#2304664037,0,1,0.559990680522912
5098812067#200569781240,0,0,0.419546180922395
3883325282#124076009506,0,1,0.6881760335960431
156275023490#102180093107,0,0,0.419546180922395
4889965062#3633114696,0,0,0.419546180922395
69054998391#2108699584,0,1,0.6628854140845918
2136267751#2297005450,0,0,0.419546180922395
4650641709#2306327656,0,0,0.419546180922395
4206008942#4001709701,0,0,0.419546180922395
1593907976#4301029959,0,0,0.419546180922395
4301029959#5124643800,0,0,0.419546180922395
141703162569#216572631693,0,0,0.419546180922395
216572631693#99206573417,0,0,0.419546180922395
4158960527#5210339793,0,0,0.419546180922395
2057186102#2057186168,0,0,0.419546180922395
4529171947#3251483032,0,0,0.4719447371241417
4574521416#1818747488,0,0,0.419546180922395
4255048934#2043683805,0,0,0.419546180922395
3993041966#190662008501,0,0,0.419546180922395
2007329562#4283750934,0,0,0.419546180922395
4206244931#4185963090,0,0,0.419546180922395
3033453452#1438255025,0,0,0.419546180922395
2048870562#4476878387,0,1,0.6280793700657462
2028165651#5122767609,0,0,0.419546180922395
2012448159#4746833490,0,0,0.419546180922395
1541794055#5078702464,0,0,0.419546180922395
4157779501#3612961288,0,0,0.419546180922395
3072564418#5183118904,0,0,0.419546180922395
4702376819#4910574353,0,0,0.419546180922395
1316741419#1773082332,0,1,0.5962414170018269
335230005323#4417535000,0,0,0.419546180922395
1694379811#1470085027,0,0,0.419546180922395
199104051031#2190429617,0,0,0.419546180922395
4782028642#3993041966,0,0,0.419546180922395
1592252801#2054734151,0,0,0.419546180922395
96073549554#2306327656,0,1,0.7897511787548684
1785334661#2058494409,0,0,0.419546180922395
3072564418#1694365644,0,0,0.419546180922395
4327730515#2048870562,0,1,0.6280793700657462
117154450703#190486841338,0,0,0.419546180922395
3766757690#4667944802,0,1,0.6628854140845918
1875566008#9043448493,0,0,0.419546180922395
2028648293#3041186060,0,0,0.419546180922395
4091678032#3435281641,0,0,0.419546180922395
145760114769#70569712258,1,0,0.419546180922395
1391856996#4027278504,0,0,0.419546180922395
4429667301#29103099346,0,1,0.6628854140845918
4572510718#4460813658,0,0,0.419546180922395
4883419414#4643805223,0,0,0.419546180922395
4623324616#4217397015,0,0,0.419546180922395
2090772224#4301048457,0,0,0.419546180922395
4933360994#14613455236,0,0,0.419546180922395
3279454241#1552178606,0,0,0.419546180922395
4006392099#203654552716,0,0,0.419546180922395
54158063899#14613455658,0,0,0.419546180922395
200569781240#3602711494,0,0,0.419546180922395
4790633062#1410173485,0,1,0.6280793700657462
4623434856#3915411982,0,0,0.419546180922395
2183963548#2180579787,0,0,0.11186596354537809
68727484174#3712801411,0,1,0.6628854140845918
179195001984#2044195515,0,0,0.419546180922395
1848079063#4001709701,0,0,0.419546180922395
4808983543#4808240616,0,0,0.419546180922395
200569781240#226965211490,0,0,0.419546180922395
4612302183#3747287828,0,0,0.419546180922395
3934516600#4895194761,0,0,0.419546180922395
441422692319#450892236156,1,0,0.419546180922395
4851639047#2007329562,0,1,0.6280793700657462
3072564418#3081749686,0,0,0.419546180922395
1465579387#4777455284,0,0,0.419546180922395
54158063899#4933360994,0,0,0.419546180922395
3463623936#1902954948,0,1,0.559990680522912
14613455236#4070366893,0,0,0.419546180922395
1479606018#1479236024,0,0,0.419546180922395
3926967278#3927040910,0,1,0.559990680522912
5185529458#4206008942,0,0,0.419546180922395
2061244620#4316370583,0,0,0.419546180922395
4622989684#4959793179,1,0,0.419546180922395
3487828531#5131642969,0,0,0.419546180922395
4641732096#37014617781,0,0,0.419546180922395
20439984991#2075393157,0,1,0.559990680522912
2063888292#3845908374,0,0,0.419546180922395
4662125901#4819735406,0,1,0.559990680522912
102904734113#4726069349,0,0,0.419546180922395
4684230132#4449163726,1,1,0.6280793700657462
4327730515#4285651704,0,0,0.419546180922395
37014617781#29757516394,1,0,0.419546180922395
190486841338#114453608394,0,0,0.419546180922395
2060056771#3517506225,0,0,0.419546180922395
2977432095#4030079241,0,1,0.559990680522912
2058881485#4117072069,1,0,0.419546180922395
2060056771#2301850248,0,0,0.419546180922395
2180579787#3287136303,0,0,0.419546180922395
4498422001#4283750934,0,0,0.419546180922395
3054434630#4335101562,0,0,0.419546180922395
4965700329#2075899540,0,1,0.5962414170018269
2640338192#2120460585,0,0,0.419546180922395
4226659634#4231111906,0,0,0.419546180922395
4840518949#4316370583,0,1,0.559990680522912
4185479835#4469025400,0,0,0.419546180922395
3735183725#3995923367,0,0,0.419546180922395
4855494603#3913210887,0,0,0.419546180922395
4277815885#3927040910,0,1,0.559990680522912
4042116073#3636206032,0,0,0.419546180922395
2296574953#69054982841,0,0,0.419546180922395
4219594127#2058129925,0,0,0.419546180922395
4535937748#4933360994,0,0,0.419546180922395
4469025400#1818747488,0,0,0.419546180922395
1815633130#1416629632,0,0,0.419546180922395
4212827921#1848079063,0,0,0.419546180922395
96073549554#4145496082,0,1,0.7897511787548684
1416301524#1593907976,0,1,0.6881760335960431
1485299018#3876493191,0,1,0.559990680522912
1649349373#1952051609,0,0,0.419546180922395
9043448493#1372606932,0,0,0.419546180922395
2070627808#2296522678,0,0,0.419546180922395
1497880313#2133358535,0,1,0.559990680522912
2297005450#1639436942,0,0,0.419546180922395
4354201228#2061946625,1,1,0.559990680522912
5169209205#5210339793,0,0,0.419546180922395
4574521416#4713666808,1,0,0.419546180922395
2654931017#3929215225,0,0,0.419546180922395
14613455658#2067534525,0,0,0.419546180922395
2229939616#3477269989,0,0,0.419546180922395
3043166693#2123088534,0,0,0.419546180922395
2061946625#5022076775,0,1,0.559990680522912
335140370164#369955897964,1,0,0.419546180922395
4746833490#4746833482,0,0,0.419546180922395
4574521416#4427940311,0,0,0.419546180922395
4641732096#1594664396,0,0,0.419546180922395
1773082332#3489875333,0,1,1.0
3052180518#2359113449,0,1,0.6280793700657462
102514982310#2061309885,0,0,0.419546180922395
4188977524#3927439605,0,0,0.419546180922395
4455655369#1577232714,0,0,0.419546180922395
4150903702#1416693660,0,0,0.419546180922395
4218561827#3429527333,0,0,0.419546180922395
4667944802#4668248026,0,0,0.419546180922395
14613588147#4876527314,0,0,0.419546180922395
2057202369#2037536844,0,0,0.419546180922395
4111406344#1500223180,0,0,0.419546180922395
1932250238#69055886795,0,0,0.419546180922395
3946584694#3292344806,0,0,0.419546180922395
2057202352#2056513884,0,0,0.419546180922395
4480972193#2113270608,0,0,0.419546180922395
3033453452#2306327656,0,0,0.419546180922395
1410206420#69055886795,0,0,0.419546180922395
2114326156#2175677532,0,0,0.419546180922395
2176735919#3050152494,0,1,0.559990680522912
2175677532#3041145156,0,0,0.419546180922395
103649711605#3292344806,0,1,0.559990680522912
3882026745#29608029868,0,1,0.559990680522912
4176537188#4274088675,0,0,0.419546180922395
4622989684#3551736332,0,0,0.419546180922395
4144296423#5183118904,0,0,0.419546180922395
3240377870#75267388021,0,0,0.419546180922395
2056662276#5956875678,0,0,0.419546180922395
206301674199#99206573417,0,0,0.419546180922395
2038238076#4697566414,0,0,0.419546180922395
2057536594#1541915947,0,0,0.419546180922395
2113288221#2111349786,0,0,0.419546180922395
4657395496#1577232714,0,0,0.419546180922395
1774818684#3295629869,0,0,0.419546180922395
1410173485#2640338192,0,1,0.6280793700657462
226460833239#4200743404,0,0,0.419546180922395
2111616240#10183965715,1,0,0.419546180922395
190662008501#3559141878,0,0,0.419546180922395
200569781240#4831154380,0,0,0.419546180922395
14613460476#2057273513,0,0,0.419546180922395
4256926363#4256622048,0,0,0.419546180922395
4206008942#75959618233,0,0,0.419546180922395
3882168316#4004633045,0,0,0.419546180922395
1384518673#1773082332,0,1,0.5962414170018269
1932250238#2088439298,0,0,0.419546180922395
4070758202#3589653390,0,0,0.419546180922395
4819735406#303433622485,0,1,0.559990680522912
2057146445#2037536844,0,0,0.419546180922395
37132781634#18468022060,0,0,0.419546180922395
3626237468#3845908374,0,1,0.6628854140845918
1848079063#4807598946,0,0,0.419546180922395
3290768654#2075302660,0,0,0.419546180922395
2133358535#2057573219,0,0,0.419546180922395
96073549554#117729109245,0,1,0.7897511787548684
4684230132#4232666143,0,0,0.419546180922395
91686025987#5034887015,0,0,0.419546180922395
4157779501#2070534468,0,0,0.419546180922395
2190429617#4165283827,0,0,0.419546180922395
5078702464#2062181997,0,0,0.419546180922395
3786142129#3042374102,0,0,0.419546180922395
1573188123#4641732096,0,1,0.7897511787548684
2063930195#2065121798,0,0,0.419546180922395
1715361146#1312624571,0,0,0.419546180922395
4938744224#6626538016,0,0,0.419546180922395
3931049291#5210339793,0,0,0.419546180922395
4354163617#1365425184,0,0,0.419546180922395
3047893935#2057082510,0,0,0.419546180922395
2055771737#1479236025,0,0,0.419546180922395
3550979323#4205391929,0,0,0.419546180922395
3915411982#4697566414,0,0,0.419546180922395
1639385502#2055298458,0,0,0.419546180922395
4575249992#1718702641,0,0,0.419546180922395
2058531416#4111311078,0,0,0.419546180922395
4959266141#4965685047,0,0,0.419546180922395
4196027218#1577232714,1,0,0.419546180922395
3324213074#3887327251,0,1,0.6628854140845918
1674286778#3072525687,1,0,0.419546180922395
2057536594#4200588492,0,0,0.419546180922395
28375457127#29299331674,0,0,0.419546180922395
4001709701#4145496082,0,1,0.6280793700657462
1978617477#3077766580,0,0,0.11186596354537809
3487828531#4065795437,0,0,0.419546180922395
87008148161#1347277680,0,0,0.419546180922395
1782375467#4645346456,0,0,0.419546180922395
2075393157#1372178479,0,0,0.419546180922395
4635899864#4959266141,0,0,0.419546180922395
14613588147#14613460476,0,0,0.419546180922395
200792633059#3474155608,0,0,0.419546180922395
3477028783#2114326156,0,0,0.419546180922395
1320992610#1711703532,0,0,0.419546180922395
3708028912#3930220886,0,0,0.419546180922395
3487828531#4150903702,0,0,0.419546180922395
3926967278#3240377870,0,0,0.419546180922395
4715649755#81732347381,0,0,0.419546180922395
3043166693#1995007743,0,0,0.419546180922395
2069945983#4457149562,0,0,0.419546180922395
3204907291#4966778011,0,0,0.419546180922395
49857216438#4206294979,0,0,0.419546180922395
4645346456#3945392968,0,0,0.419546180922395
5205797148#150594495671,0,0,0.419546180922395
4650641709#3945392968,0,0,0.419546180922395
4264534612#4632894940,0,0,0.419546180922395
2075302660#3633082639,0,0,0.419546180922395
3251483032#81732347381,0,0,0.419546180922395
1573188123#97875580425,0,0,0.419546180922395
4667335909#4271919356,0,0,0.419546180922395
3551393130#2224193149,0,0,0.419546180922395
4457149562#2009723716,0,0,0.419546180922395
2007329552#2063941871,0,0,0.419546180922395
75267388021#1577232714,0,0,0.419546180922395
1517548862#4817865335,0,0,0.419546180922395
200569781240#379478718058,0,0,0.419546180922395
37014617781#1920884120,0,0,0.419546180922395
293198128708#4062424365,0,1,0.559990680522912
4965700329#3903296434,0,0,0.419546180922395
54160155723#3041186060,0,1,0.6280793700657462
10183965715#1694365644,0,0,0.419546180922395
335140370164#4081158129,0,0,0.419546180922395
169388103646#5185529458,0,0,0.419546180922395
200792633059#156275023490,0,0,0.419546180922395
4203062441#1365425184,0,0,0.419546180922395
2057657991#3602711494,0,0,0.419546180922395
4744904703#2114279054,0,0,0.419546180922395
212394033260#3033447588,0,0,0.419546180922395
2028165651#5185529458,0,0,0.419546180922395
3287136296#2026258516,0,0,0.419546180922395
3046447657#4219594127,0,0,0.419546180922395
2055988859#2119387186,1,1,0.559990680522912
4188977524#4150903702,0,0,0.419546180922395
4612302183#4285651704,0,0,0.419546180922395
1500223180#3056865396,0,0,0.419546180922395
4874906617#1774818684,0,0,0.419546180922395
4256725997#4232471781,1,0,0.419546180922395
4226659635#2009659663,0,0,0.419546180922395
2050760324#2057273513,0,0,0.419546180922395
3458092809#1627677359,0,0,0.419546180922395
3862188518#3477028783,0,0,0.419546180922395
4041026262#3629081901,0,0,0.419546180922395
350874367544#448871401046,0,0,0.419546180922395
1902954948#4212827921,0,1,0.559990680522912
2062990764#1309241819,0,0,0.419546180922395
3287136295#3287136296,0,0,0.419546180922395
117154450703#191333072438,0,0,0.419546180922395
2057485751#1564005555,0,0,0.419546180922395
3409249156#4274235353,0,0,0.419546180922395
5185529458#4529171947,0,1,0.8258249424897236
1438441441#4091678032,1,0,0.419546180922395
5095491561#5047311627,1,0,0.419546180922395
3578109143#489466582552,0,0,0.419546180922395
2007329562#3053549924,0,1,0.6280793700657462
2056961978#3712801411,0,1,0.6628854140845918
4657354294#4657354311,0,0,0.419546180922395
4277815885#90189177932,0,0,0.419546180922395
4643805223#2048870562,0,0,0.419546180922395
1314231362#5034412454,0,0,0.419546180922395
145760114769#13389301105,0,1,0.559990680522912
245814065042#1711703532,0,0,0.419546180922395
2058531416#4274088675,0,0,0.419546180922395
3929215225#1416629632,0,0,0.419546180922395
25271558033#156275023490,0,0,0.419546180922395
2598389634#3230703164,0,0,0.419546180922395
2277829162#3717616592,0,0,0.419546180922395
2038238076#4460813658,0,0,0.419546180922395
4373986045#4285651704,0,0,0.419546180922395
3870637640#3986761734,0,0,0.419546180922395
5183692300#10553947604,1,1,0.6628854140845918
4552735561#4301048457,0,0,0.419546180922395
2119467444#2054817755,1,0,0.419546180922395
2114279054#3077309817,1,0,0.419546180922395
3997209484#448871401046,0,0,0.419546180922395
3831306913#2055377608,0,1,0.6628854140845918
3230703164#4460920026,0,0,0.419546180922395
1316741419#1782375467,0,0,0.419546180922395
1639183384#2075611951,1,0,0.419546180922395
373850277197#4797165759,0,1,0.559990680522912
3212722992#4435630212,1,0,0.419546180922395
3636206032#4222933048,0,0,0.419546180922395
4808240616#4790633062,0,1,0.6280793700657462
3290768654#1952051609,0,0,0.419546180922395
4375212253#4082182753,0,0,0.419546180922395
2028648293#3641396498,0,0,0.419546180922395
200792633059#3105105450,0,0,0.419546180922395
4895194761#4855494603,1,0,0.419546180922395
3876493191#3279454241,0,0,0.419546180922395
1479236024#1320992607,1,0,0.419546180922395
350874367544#1955030813,0,0,0.419546180922395
3735183725#4589820532,0,0,0.419546180922395
2057146445#2061244620,0,0,0.419546180922395
4807598946#4867751970,0,0,0.419546180922395
2726123301#4111406344,0,0,0.419546180922395
487072504294#2059840221,0,0,0.419546180922395
418215123949#4460827792,0,0,0.419546180922395
1316741419#335230006871,0,0,0.419546180922395
3876493191#4354201228,0,1,0.559990680522912
2977766885#4292931987,0,1,0.559990680522912
4065734118#1955030813,0,0,0.419546180922395
1479236024#302839388028,0,0,0.419546180922395
2050429391#4185963090,0,0,0.419546180922395
2098918003#4283750934,0,0,0.419546180922395
3287136295#2224193149,0,0,0.419546180922395
412740201285#335230006871,1,0,0.419546180922395
2058494409#1759205074,0,0,0.419546180922395
4435666805#412740201285,0,0,0.419546180922395
443982000626#448871401046,1,0,0.419546180922395
1431887069#2061309885,0,0,0.419546180922395
1759667553#1785937268,0,0,0.419546180922395
1777473801#4579061300,0,0,0.419546180922395
4232666143#28375457127,0,0,0.419546180922395
72124210175#3081749686,0,1,0.6881760335960431
4874906617#4316370583,0,1,0.559990680522912
3289002540#200569781240,0,0,0.419546180922395
1693960182#1590545992,0,0,0.419546180922395
3979884544#2120525705,0,0,0.419546180922395
4808240616#4720990752,0,1,0.6280793700657462
4933230830#4082182753,0,0,0.419546180922395
4641732096#19200751877,0,0,0.419546180922395
4062424365#4623978044,0,0,0.419546180922395
3798986721#4108691753,1,0,0.419546180922395
5196417840#4612302183,0,0,0.419546180922395
2063837093#2123088534,1,0,0.419546180922395
4933360994#4256725997,0,0,0.419546180922395
2061673563#2055988859,0,0,0.419546180922395
3033447588#4188977524,0,0,0.419546180922395
2063837093#4285651704,0,0,0.419546180922395
3271713296#1485299018,0,0,0.11186596354537809
2009723716#2057082379,0,1,0.7897511787548684
2654931017#4479393573,0,0,0.419546180922395
3509258338#4255048934,1,0,0.419546180922395
2058494409#2114279054,0,0,0.419546180922395
4185963090#2267710728,0,0,0.419546180922395
2068436073#2074433649,0,0,0.419546180922395
3072527640#191333072438,0,0,0.419546180922395
2057082510#1709836734,0,0,0.419546180922395
2977432095#2061946625,0,1,0.559990680522912
1319336886#3414290684,0,0,0.419546180922395
1650171815#103649711605,0,1,0.559990680522912
3477269984#4797165759,0,1,0.559990680522912
14613460476#2063888292,0,0,0.419546180922395
3712213597#4232666143,0,0,0.419546180922395
4643805223#6013639039,0,0,0.419546180922395
1365425184#1500223180,1,0,0.419546180922395
2062075977#3204907291,0,0,0.419546180922395
2057082379#14613455658,0,0,0.419546180922395
2146061466#2101227068,0,0,0.419546180922395
4057297840#3438857896,0,0,0.419546180922395
1593907976#138962728028,0,0,0.419546180922395
1693941156#1711768137,0,0,0.419546180922395
3883325282#2111320607,0,1,0.6280793700657462
4746833490#4622989684,0,0,0.419546180922395
1573188123#2115848787,0,0,0.419546180922395
4623434856#3633114696,0,0,0.419546180922395
2297009298#2048870562,0,1,0.6280793700657462
3477028783#140581144985,0,0,0.419546180922395
2055771737#2059786009,1,0,0.419546180922395
1777473801#2069945983,0,1,0.6881760335960431
156276601653#114453608394,0,0,0.419546180922395
2671772709#4274088675,1,0,0.419546180922395
350874367544#4575043423,1,0,0.419546180922395
3825974020#496613160423,1,1,0.7937109671166276
3287136296#35234959099,0,0,0.419546180922395
3435281641#2277829162,0,0,0.419546180922395
2112308267#1372606932,0,0,0.4719447371241417
117154450703#109165560395,0,0,0.419546180922395
3578109143#3451234547,1,0,0.419546180922395
1512838165#1955012315,0,0,0.419546180922395
5090005176#2026312944,0,0,0.419546180922395
4283348799#2069078384,0,0,0.419546180922395
3883325282#3400442486,0,1,0.6280793700657462
4206008942#2127640300,0,0,0.419546180922395
3082042195#3475895224,0,0,0.419546180922395
2098918003#2038238076,0,0,0.419546180922395
1457252565#48384062571,0,0,0.419546180922395
2160958435#3364587358,0,0,0.419546180922395
3487828531#3289002540,0,0,0.419546180922395
2133663760#4373986045,0,0,0.419546180922395
4145496082#3292344806,0,0,0.419546180922395
2057273513#3887327251,0,1,0.6628854140845918
4662125901#4200588492,0,0,0.419546180922395
4070427569#4589820532,1,1,0.6280793700657462
2007329562#2069078384,0,1,0.6280793700657462
1416301524#5185529458,0,0,0.4719447371241417
5185554343#4206008942,0,0,0.419546180922395
4612302183#4516329204,0,0,0.419546180922395
4965682215#3202641160,0,0,0.419546180922395
4264534612#1485299018,0,0,0.419546180922395
2133358535#2119493181,0,1,0.559990680522912
81732347381#135707428689,0,0,0.419546180922395
3564326181#2057202352,0,0,0.419546180922395
3798986721#2050883606,0,0,0.419546180922395
1995007743#2075302660,0,0,0.419546180922395
1639436942#1431887069,0,0,0.419546180922395
2074433649#3438857896,0,0,0.419546180922395
4782028642#2057202352,0,0,0.419546180922395
3053549924#1920884120,0,0,0.419546180922395
3707618845#4572325313,0,0,0.419546180922395
4606763895#1305945791,0,0,0.419546180922395
2055988859#4464938911,0,1,0.559990680522912
5131642969#3487828519,0,0,0.419546180922395
2977432095#3077766580,0,1,0.559990680522912
38406123057#29608029868,0,0,0.419546180922395
1593907976#4965682215,0,0,0.419546180922395
2108699584#4003389165,0,0,0.419546180922395
1485301223#3862188518,0,0,0.419546180922395
2043683805#3997209484,0,0,0.419546180922395
1316741419#1384518673,1,1,1.0
5034412454#1848719127,0,1,0.559990680522912
3882026745#3364587358,0,1,0.559990680522912
3054434630#1416629632,0,0,0.419546180922395
3779069464#4158960527,1,0,0.419546180922395
2873066846#3435281641,0,1,0.6280793700657462
99206573417#3043166693,0,0,0.419546180922395
3606108939#3077307902,0,0,0.419546180922395
4623434856#2128656141,0,0,0.419546180922395
2061674343#4226659634,0,0,0.419546180922395
226965211490#4643938191,0,0,0.419546180922395
3633114696#3251483032,0,0,0.419546180922395
4449163726#5185529458,0,0,0.419546180922395
3628839716#4506637171,0,0,0.419546180922395
5185529458#3363374241,0,1,0.7897511787548684
249652232743#303433622485,1,1,0.559990680522912
2133358535#2304664037,1,1,0.559990680522912
2304664037#2016866277,0,1,0.559990680522912
3995882585#549708986379,0,0,0.419546180922395
2075393157#1877399023,0,1,0.559990680522912
6626538016#1639219119,0,0,0.419546180922395
2111351705#2114716134,0,0,0.419546180922395
3463623936#1497880313,1,1,0.559990680522912
3946584694#3903296442,0,0,0.419546180922395
3850067472#3633760178,0,0,0.419546180922395
3850067472#2057485751,0,0,0.419546180922395
4746787192#4717435092,0,0,0.419546180922395
49507593260#75267388021,0,1,0.559990680522912
3474155608#10553947604,0,0,0.419546180922395
2059840221#4283348799,0,0,0.419546180922395
2118041596#1929467433,0,0,0.419546180922395
26795163325#3509258338,0,0,0.419546180922395
3287136302#3287136296,0,0,0.419546180922395
1932250238#3077309817,0,0,0.419546180922395
4572325313#4145496082,0,0,0.419546180922395
487072504294#2063930195,0,0,0.419546180922395
4966778011#4965700329,1,1,1.0
2056078364#2176735919,0,1,0.559990680522912
2058494409#4632894940,0,0,0.419546180922395
2123088534#2058222393,0,0,0.419546180922395
2416679645#4217397015,0,0,0.419546180922395
3364587358#3435281641,0,0,0.419546180922395
54160155723#2057573219,0,0,0.419546180922395
8431808974#4271919356,0,0,0.419546180922395
4606763895#4040861140,0,0,0.419546180922395
3451234547#3512605559,0,0,0.419546180922395
4593095274#3267338675,0,1,0.559990680522912
3559141878#2175677532,0,0,0.419546180922395
2671772709#335140370164,0,0,0.419546180922395
88520940864#90189178714,0,1,0.6628854140845918
4452424559#4495044650,0,0,0.419546180922395
3993041966#3846933347,0,0,0.419546180922395
3870637640#2229939616,0,0,0.419546180922395
3728594582#392281366488,0,0,0.419546180922395
5206675985#4415227218,0,0,0.419546180922395
4523609337#3967431642,1,0,0.419546180922395
441422692319#1805614122,0,0,0.419546180922395
1978617477#2116078007,1,1,0.559990680522912
580549064505#1312745457,0,0,0.419546180922395
3435281641#3304467506,0,0,0.419546180922395
204767102724#203654552716,1,0,0.419546180922395
6626538016#4612302183,0,0,0.419546180922395
1848719127#2026312944,0,1,0.559990680522912
13389301105#41965445982,0,0,0.419546180922395
4777455284#248509310374,0,0,0.419546180922395
52308312082#1694379811,0,0,0.419546180922395
216572631693#226965211490,1,0,0.419546180922395
3559141878#9043448493,0,0,0.419546180922395
2615156599#3986761734,0,0,0.419546180922395
1759205074#3033453452,0,0,0.419546180922395
4427940311#1818747488,0,0,0.419546180922395
466235290974#580549064505,0,0,0.419546180922395
4327730515#2113093450,0,1,0.6280793700657462
1410173485#3072525687,0,0,0.419546180922395
4040861140#2098918003,0,0,0.419546180922395
4091678032#3578109145,0,0,0.419546180922395
3564326181#4590123310,0,0,0.419546180922395
190662008501#138649305625,0,1,0.559990680522912
3475895224#1438255025,0,0,0.419546180922395
4735364801#1815633130,0,0,0.419546180922395
212394033260#3324213074,0,0,0.419546180922395
216572631693#3081749686,0,0,0.419546180922395
4081158129#4373986045,0,0,0.419546180922395
4259867589#4790633062,0,1,0.6628854140845918
14613588147#3429527333,0,0,0.419546180922395
1627677359#2057273513,1,0,0.419546180922395
1637581644#2119467444,0,0,0.419546180922395
3591652360#1372178479,0,0,0.419546180922395
3477269984#3512605559,0,1,0.559990680522912
3582409643#1818747488,0,0,0.419546180922395
1955032383#1955030813,0,1,0.559990680522912
2183968048#2183963548,0,0,0.11186596354537809
2139604103#3712801411,0,0,0.419546180922395
1639385502#2117967628,1,0,0.419546180922395
3324213074#1711768137,0,0,0.419546180922395
156275809937#3934516600,0,0,0.419546180922395
4116715778#91686025987,0,0,0.419546180922395
2119493181#2176735919,0,1,0.559990680522912
4717435092#293198128708,1,1,0.559990680522912
4876527314#4498422001,1,0,0.419546180922395
1649349373#4877012874,1,1,0.559990680522912
3712801411#69055007639,0,1,0.6628854140845918
3052180518#2061673563,0,1,0.6280793700657462
4579061300#31657249259,0,0,0.419546180922395
508313498462#373850277197,0,1,0.559990680522912
1479236025#1479236028,0,0,0.419546180922395
18466522141#179195001984,0,0,0.419546180922395
6633358861#2050883606,0,0,0.419546180922395
4384418878#3077309817,0,0,0.419546180922395
3626237468#4495044650,0,0,0.419546180922395
4755216808#200569781240,0,0,0.419546180922395
2133663760#2128656141,0,0,0.419546180922395
169883264664#4867525539,0,0,0.419546180922395
200569781240#2057660030,0,0,0.419546180922395
102514982310#167570408533,0,0,0.419546180922395
1634250118#1410173485,1,1,0.6280793700657462
2063941641#1541794055,0,0,0.419546180922395
2175677532#3077309817,0,0,0.419546180922395
3578109143#3477269989,0,0,0.419546180922395
3862188518#1875566008,0,0,0.419546180922395
1639157122#3986575237,0,0,0.419546180922395
152713369272#3629081901,0,0,0.419546180922395
4065795437#4150903702,0,0,0.419546180922395
4081158129#1500223180,0,0,0.419546180922395
4283786658#106190147487,0,0,0.419546180922395
4944579314#2068611560,0,0,0.419546180922395
4749417182#156275809937,0,1,0.9585961081094649
4790633062#4030079241,0,0,0.419546180922395
1711768137#4819851561,0,0,0.4719447371241417
3708976648#1479236025,0,0,0.419546180922395
37132781634#35234959099,0,0,0.419546180922395
3409249156#3053961277,1,1,0.9510385725219812
1372606932#4150903702,0,0,0.419546180922395
4623324616#1902954948,0,0,0.419546180922395
18465765293#4450968363,0,0,0.419546180922395
1782375467#1773082332,0,1,0.9145757269737694
3926916973#2277829162,0,0,0.419546180922395
10183965715#3033453452,0,0,0.419546180922395
1541915947#4643371260,0,0,0.419546180922395
3831306913#29757516394,0,0,0.419546180922395
1465579387#3075632210,1,0,0.419546180922395
4730947102#5132524109,0,0,0.419546180922395
165376540325#1711730143,0,0,0.419546180922395
3204907291#65277266246,0,0,0.419546180922395
3043391308#3576237842,0,0,0.419546180922395
181358260931#8609591019,0,1,0.6628854140845918
4657354311#335230006871,0,0,0.419546180922395
2114326156#4010537132,0,0,0.419546180922395
2416679645#1384518673,0,0,0.419546180922395
3400442486#3304467506,0,0,0.419546180922395
1384518673#41965445982,0,0,0.419546180922395
4657354311#4256926363,0,0,0.419546180922395
2139604103#2059397275,0,1,0.559990680522912
2061673563#2359113449,0,1,0.6280793700657462
4641732096#2296522678,0,0,0.419546180922395
2057514370#1955032383,0,0,0.419546180922395
4217397015#2113270608,0,0,0.419546180922395
2071801820#3850067472,0,1,0.6280793700657462
2118416856#2068436073,0,0,0.419546180922395
1372606932#3033453452,0,0,0.419546180922395
2055771737#109165560395,0,0,0.419546180922395
1593907976#4274235353,0,0,0.419546180922395
13389301105#4590123310,0,1,0.559990680522912
5045337406#5079490375,0,0,0.419546180922395
172020433612#3979884544,0,0,0.419546180922395
2306327656#117729109245,0,1,0.7897511787548684
2088439298#1410173485,0,0,0.419546180922395
4332430141#4535937748,0,0,0.419546180922395
5124643800#200569781240,1,0,0.419546180922395
48384062571#4650641709,0,1,0.559990680522912
4575043423#3050152494,0,0,0.419546180922395
3578109145#4705563490,0,0,0.419546180922395
4874906617#5022076775,0,1,0.559990680522912
1805614122#4300806520,0,0,0.419546180922395
2111350136#4464914770,1,0,0.419546180922395
1774818684#4464914770,0,0,0.419546180922395
2062990764#2120525705,1,0,0.419546180922395
2488218738#4301048457,0,0,0.419546180922395
2073951091#3438857896,0,0,0.419546180922395
2671772709#4176537188,0,0,0.419546180922395
4057297840#2098918003,0,0,0.0
580549064505#508313498462,0,0,0.419546180922395
216572631693#4744904703,0,0,0.419546180922395
4197957154#1646144729,0,0,0.419546180922395
4876527314#10553947604,0,0,0.419546180922395
3287136296#18466375636,0,0,0.419546180922395
1593907976#4283348799,0,0,0.419546180922395
2073951091#1517548862,0,0,0.419546180922395
3846933347#3862188518,1,1,0.7897511787548684
14586847312#48384062571,0,0,0.419546180922395
63975298498#6013639039,0,0,0.419546180922395
87008148161#90189178714,0,0,0.419546180922395
165376540325#150594502346,0,0,0.419546180922395
4200743404#3287136302,0,0,0.419546180922395
3364587358#4684230132,0,0,0.419546180922395
4042116073#4185358309,0,1,0.559990680522912
1777473801#1416301524,0,1,0.6881760335960431
2297009298#6013639039,0,0,0.419546180922395
4622989684#4796107660,0,0,0.419546180922395
2074433649#18468022060,0,0,0.419546180922395
4763332016#4874906617,0,0,0.419546180922395
2068611560#2056478070,1,1,0.6628854140845918
2075393157#3061887297,0,0,0.419546180922395
1590545992#4657395496,0,0,0.419546180922395
3077307902#4817865335,0,0,0.419546180922395
2146061466#2054817755,0,1,0.6628854140845918
4232471781#4226659634,0,0,0.419546180922395
1365425184#5183692300,0,0,0.419546180922395
2726123301#2055608440,0,0,0.419546180922395
3564326181#117729109245,0,1,0.7897511787548684
2057186168#6633358861,0,0,0.419546180922395
4196027218#3212722992,0,0,0.419546180922395
1773082332#1760226057,0,0,0.419546180922395
124076009506#5083069896,1,0,0.4719447371241417
2069078384#3072527640,0,0,0.419546180922395
4933360994#1639436942,0,0,0.419546180922395
2075393157#5185554343,0,0,0.419546180922395
4219594137#3046447657,0,0,0.419546180922395
10605371390#1347277680,0,0,0.419546180922395
2116078007#69055886795,0,0,0.419546180922395
26795163325#4717447489,0,0,0.419546180922395
43182039587#4158960527,0,0,0.419546180922395
1877399023#3660138423,1,1,0.559990680522912
1639385502#1639330963,0,0,0.419546180922395
4354201228#4797165759,0,1,0.559990680522912
5124643800#4867525539,0,0,0.419546180922395
4236870644#3072527640,0,0,0.419546180922395
41965445982#75959618233,0,0,0.419546180922395
2133663760#1485299018,0,0,0.419546180922395
3487828519#3287805133,0,0,0.419546180922395
4938744224#37014617781,0,0,0.419546180922395
124657516337#3702571839,0,0,0.419546180922395
69055886795#3474685536,0,0,0.419546180922395
2057082510#2057082379,0,0,0.4719447371241417
96073549554#5956875678,1,1,0.7897511787548684
3114734058#4726069349,0,0,0.419546180922395
2090772224#2060056771,0,0,0.419546180922395
4684230132#4420971756,0,0,0.419546180922395
1815809122#172020433612,0,0,0.419546180922395
4813716345#4874906617,0,1,0.559990680522912
2111351705#2359572372,1,0,0.419546180922395
90189177932#90189178714,0,1,0.6628854140845918
3712801411#210012116583,0,0,0.419546180922395
3487828531#2136267751,0,0,0.419546180922395
3033453452#3930220886,0,0,0.419546180922395
1833924490#4457149562,0,0,0.419546180922395
4476878387#2055608440,0,0,0.419546180922395
6013639039#5131642969,0,0,0.419546180922395
3986761734#203654552716,0,0,0.419546180922395
5206675985#2007329552,0,0,0.419546180922395
210012116583#3256705889,0,0,0.419546180922395
3559141878#391306865273,0,0,0.419546180922395
3915411982#1415580742,0,0,0.419546180922395
1316070485#1833924490,0,0,0.419546180922395
2055492411#4301029959,1,0,0.419546180922395
2114716134#2111350136,0,0,0.419546180922395
3451234547#2111320607,0,0,0.419546180922395
2598389634#1416629632,0,0,0.419546180922395
5197250019#4895194761,0,0,0.419546180922395
2057082379#2267710728,0,0,0.419546180922395
1759205074#2070030589,0,0,0.419546180922395
63573545398#5185529458,0,0,0.419546180922395
31657249259#3442901956,0,0,0.419546180922395
3881831374#3791609567,0,0,0.419546180922395
3033453452#1611432328,0,0,0.419546180922395
1384518673#64393522082,0,0,0.419546180922395
1416693660#2058531416,0,0,0.419546180922395
4650344731#4851873209,0,0,0.419546180922395
2061309885#2654931017,0,0,0.419546180922395
4435802207#5068270943,0,1,0.559990680522912
1431887069#3641396498,0,0,0.419546180922395
4965682215#3204907291,0,0,0.419546180922395
1882949681#1395111624,0,0,0.419546180922395
4082182753#200569781240,0,0,0.419546180922395
26795163325#1314231362,1,0,0.419546180922395
2139604103#1438255025,0,0,0.419546180922395
3578109143#4705563490,0,0,0.419546180922395
1932250238#2108699584,0,0,0.419546180922395
5031422175#14586847312,0,0,0.419546180922395
373850277197#1307862087,0,0,0.419546180922395
4108691753#124076009506,0,0,0.419546180922395
2359572372#2183968048,0,0,0.419546180922395
4219594127#4435666805,0,1,1.0
2160958435#2128656141,1,0,0.419546180922395
3791609567#4535937748,0,0,0.419546180922395
2059786009#1929601246,0,0,0.419546180922395
4877012874#102180093107,0,0,0.419546180922395
1694379811#4015401444,0,0,0.419546180922395
3633082639#3979884544,0,0,0.419546180922395
3712801411#69054982841,0,1,0.6628854140845918
3882168316#2088439298,0,0,0.419546180922395
3934516600#4132115994,0,1,0.6280793700657462
3267338675#4375212253,0,0,0.419546180922395
3290843988#3230703164,0,0,0.419546180922395
2058222393#5196417840,0,0,0.419546180922395
3931049291#2118967459,0,0,0.419546180922395
3075632210#2744122330,0,0,0.419546180922395
3986575237#2065354050,0,0,0.419546180922395
3477028783#2058494409,0,0,0.419546180922395
4540676462#2115848787,0,0,0.419546180922395
206301674199#3881831374,0,0,0.419546180922395
2218261094#3477269984,0,1,0.559990680522912
3913210887#3435281641,0,0,0.419546180922395
3564326181#117873856741,0,0,0.419546180922395
433432593358#1715361146,0,0,0.419546180922395
2016866277#2119493181,0,1,0.559990680522912
2057120532#2057186168,0,0,0.419546180922395
2050429391#1372181647,0,0,0.419546180922395
2054724323#4667335909,0,0,0.419546180922395
4790633062#4506831459,0,0,0.419546180922395
69055886795#69054982841,0,0,0.419546180922395
3612961288#4975664600,0,0,0.419546180922395
4808238795#202083551880,0,0,0.419546180922395
4782028642#4455655369,0,0,0.419546180922395
2146119221#145760114769,0,0,0.419546180922395
4807598946#4715649755,0,0,0.419546180922395
2977432095#1774643505,0,1,0.559990680522912
4435836422#1465579387,0,0,0.419546180922395
3633529401#4226781300,0,0,0.419546180922395
1646144729#1410206420,1,0,0.419546180922395
3202641160#4301029959,0,0,0.419546180922395
3927439605#4523609337,0,0,0.419546180922395
4065795437#2059786009,0,0,0.419546180922395
2065121798#2056478070,0,1,0.6628854140845918
1389018108#4867751970,0,0,0.419546180922395
1305945791#2306327656,0,0,0.419546180922395
2055608440#2054734151,0,0,0.419546180922395
5210339793#3779069464,0,1,0.6280793700657462
4889965062#3251483032,0,0,0.4719447371241417
2058531416#2314431580,0,0,0.419546180922395
4435802207#3735183725,0,0,0.419546180922395
4070427569#4657320935,0,0,0.419546180922395
1594664396#4883419414,0,1,0.559990680522912
2057273513#2055298458,0,0,0.419546180922395
4256926363#4232666143,1,0,0.419546180922395
2054817755#191333072438,0,0,0.419546180922395
2114279054#4451089335,0,0,0.419546180922395
3230703164#3591652360,0,1,0.6280793700657462
2112308267#1958431796,0,0,0.419546180922395
3077743360#2061673563,0,0,0.419546180922395
1590545992#1577232714,0,0,0.419546180922395
156275023490#156276919685,0,0,0.419546180922395
3747287828#3786142129,0,0,0.419546180922395
2615156599#1365425184,0,0,0.419546180922395
4065795437#3487828519,0,0,0.419546180922395
3114734058#291245346593,0,0,0.419546180922395
4272953638#4373986045,0,0,0.419546180922395
2057120532#2057186102,0,0,0.419546180922395
3564326181#3474685536,0,0,0.419546180922395
4572325313#3404236704,0,0,0.11186596354537809
4573019780#4643371260,0,1,0.5575647509150331
1929467433#4451089335,0,0,0.419546180922395
3041145156#3041186060,0,0,0.419546180922395
3702571839#3204907291,0,0,0.419546180922395
3489875333#3077766580,0,0,0.419546180922395
3798986721#4157779501,0,0,0.419546180922395
2114716134#3641396498,0,0,0.419546180922395
65277266246#4959266141,0,0,0.419546180922395
3845908374#4730947102,0,0,0.419546180922395
4256926363#4933360994,0,0,0.419546180922395
3474685536#1485301223,0,0,0.419546180922395
4910574353#1611432328,0,0,0.419546180922395
3062884266#4593095274,0,0,0.419546180922395
4590123310#3072527640,0,1,0.559990680522912
1627677359#4959793179,0,0,0.419546180922395
1952051609#1848719127,0,0,0.419546180922395
4516329204#2615156599,0,0,0.419546180922395
2059400154#4232666143,0,0,0.419546180922395
4831154380#4132115994,0,0,0.419546180922395
2057514370#2146061466,0,0,0.419546180922395
4291077418#4188977524,0,0,0.419546180922395
2159739481#2744122330,0,0,0.419546180922395
4217397015#3046447657,1,0,0.419546180922395
2115662086#379478718058,0,0,0.419546180922395
3052180518#2068436073,0,0,0.419546180922395
3887327251#1694379811,0,0,0.419546180922395
285571185833#2075899540,0,0,0.419546180922395
2057706385#1995007743,0,0,0.419546180922395
2111320607#4572325313,0,0,0.419546180922395
335230006871#4274235353,0,0,0.419546180922395
169883264664#3033453452,0,0,0.419546180922395
203654552716#3053961277,0,0,0.419546180922395
2065121798#1305945791,0,0,0.419546180922395
1639219119#2297009298,0,1,0.6280793700657462
1552178606#3991972122,0,1,0.559990680522912
4889965062#3363374241,0,1,0.6881760335960431
4746833482#4746787193,0,0,0.419546180922395
3429527333#4082182753,0,0,0.419546180922395
2296522678#5185529458,0,0,0.419546180922395
4965685047#4780994423,0,0,0.419546180922395
14586847312#29299331674,0,0,0.419546180922395
3573596891#4959266141,0,0,0.419546180922395
1637581644#1497880313,0,1,0.559990680522912
5095491561#4070427569,0,0,0.419546180922395
1882949681#4572325313,0,1,0.559990680522912
3629081901#2116078007,0,0,0.419546180922395
3053549924#4091678032,0,0,0.419546180922395
3913210887#4449163726,0,0,0.419546180922395
2873066846#3053549924,0,1,0.6280793700657462
4813716345#4867751970,0,0,0.419546180922395
1415580742#4222933048,0,0,0.419546180922395
2062181997#5090005101,0,0,0.419546180922395
1639385502#18465851371,0,0,0.419546180922395
3882168316#474022190894,0,0,0.419546180922395
2873066846#3400442486,0,1,0.6280793700657462
1316070485#1500223180,0,0,0.419546180922395
63573545398#2063930195,0,0,0.419546180922395
156275023490#138962728028,1,1,0.6628854140845918
3606108939#4699490403,0,1,0.9585961081094649
2007329552#2092174215,0,1,0.559990680522912
4653988894#4965700329,0,1,0.559990680522912
1740857110#4717435092,0,0,0.419546180922395
4354201228#4042116073,0,1,0.559990680522912
3487828519#1479236025,0,0,0.419546180922395
4144296423#4523609337,0,0,0.419546180922395
4786537439#5206675985,0,1,0.6280793700657462
3287136303#3287136295,0,0,0.419546180922395
2183428945#4933360994,0,0,0.419546180922395
4590123310#2355519467,0,0,0.419546180922395
5045337406#443982000626,0,0,0.419546180922395
2115662086#3052180518,0,0,0.419546180922395
3930220886#3240377870,0,0,0.419546180922395
4657354311#3876493191,0,0,0.419546180922395
156275023490#4057297840,0,0,0.419546180922395
4132115994#4348498011,0,1,0.6280793700657462
4653988894#3072564418,0,0,0.419546180922395
1872011272#4623972834,0,0,0.419546180922395
4111311078#4420971756,0,0,0.419546180922395
3077905761#9043448493,0,0,0.419546180922395
1307862087#4746787192,0,0,0.419546180922395
4808240616#4808180492,0,1,0.6280793700657462
3290843988#4460920026,0,0,0.419546180922395
1594664396#3964017834,0,0,0.419546180922395
4451089335#3056865396,0,0,0.419546180922395
1438255025#3517506225,0,1,0.6280793700657462
4157779501#102180093107,0,0,0.419546180922395
5956875678#5037293131,0,0,0.419546180922395
2010425525#3072527640,0,1,0.559990680522912
2010425525#2359435242,0,0,0.419546180922395
13389301105#3576237842,0,1,0.559990680522912
1774818684#1777473801,1,1,0.6881760335960431
4200588492#4705563490,0,0,0.419546180922395
2016866277#2133358535,0,1,0.559990680522912
102904734113#4475595676,1,0,0.419546180922395
2056513884#2057202369,0,0,0.419546180922395
356576030969#1815633130,0,0,0.419546180922395
2068611560#6013639039,0,0,0.419546180922395
204767102724#4158960527,0,0,0.419546180922395
3240377870#4316370583,0,0,0.419546180922395
2119467444#135707428689,0,0,0.419546180922395
1639330963#2062075977,0,0,0.419546180922395
580549064505#2296522678,0,0,0.419546180922395
4332430141#2063941641,0,0,0.419546180922395
3042374102#1674286778,0,0,0.419546180922395
1320992608#1320992610,0,0,0.419546180922395
4848820948#3477028783,0,0,0.419546180922395
2296522678#2296574953,0,0,0.419546180922395
4015401444#5169209205,1,0,0.419546180922395
4200743404#3578109145,0,0,0.419546180922395
3442901956#1634250118,0,1,0.6280793700657462
3573596891#5045337406,0,0,0.419546180922395
2057202369#4435666805,0,0,0.419546180922395
117729109245#2048870562,0,0,0.419546180922395
114453608394#3728591592,0,0,0.419546180922395
2133358535#2054666779,0,1,0.559990680522912
392281366488#3964017834,0,0,0.419546180922395
1611432328#5122809038,0,0,0.419546180922395
1929601246#2116078007,0,0,0.419546180922395
29757516394#1416629632,0,0,0.419546180922395
3934516600#3204907291,0,0,0.419546180922395
2121155353#37014617781,0,0,0.419546180922395
496613160423#3370936702,0,0,0.419546180922395
4480972193#392281366488,0,0,0.419546180922395
1785334661#2060056771,0,0,0.419546180922395
3711116048#5045337406,0,0,0.419546180922395
3712213597#4111406344,0,0,0.419546180922395
18465839155#2117967628,0,0,0.419546180922395
4635899864#23593454505,0,0,0.419546180922395
14613455658#14613460476,0,0,0.419546180922395
3702571839#3564326181,1,0,0.419546180922395
2007329562#4715649755,0,0,0.419546180922395
4435497569#2160958435,0,0,0.419546180922395
2054815601#3400442486,0,0,0.419546180922395
4797165759#3477269989,0,1,0.559990680522912
3077307902#2127640300,0,0,0.419546180922395
3474685536#3551393130,0,0,0.419546180922395
373850277197#3052180518,0,0,0.419546180922395
4417535000#2054817755,0,0,0.419546180922395
1639183384#4218561827,0,0,0.419546180922395
4965682215#4959266141,0,0,0.419546180922395
4162055411#150594495671,0,0,0.419546180922395
4165151066#2016866277,0,1,0.559990680522912
64393522082#373850276629,0,0,0.419546180922395
4283786658#5078702464,0,0,0.419546180922395
3240377870#2057273513,0,0,0.419546180922395
4292931987#3991972122,0,1,0.559990680522912
5122767609#4959266141,0,0,0.419546180922395
4200588492#2070534468,0,0,0.419546180922395
2048870562#1639330963,0,0,0.419546180922395
1403922320#2654931017,0,0,0.419546180922395
1372537976#3445826974,0,0,0.419546180922395
2058563113#4653988894,0,0,0.419546180922395
1848719127#3477269989,0,1,0.559990680522912
135707428689#2640338192,0,0,0.419546180922395
335230006871#6633440508,0,0,0.419546180922395
392281366488#4283786658,1,0,0.419546180922395
4623324616#3311945752,0,0,0.419546180922395
156276919685#2057514370,0,0,0.419546180922395
13389301105#1694379811,0,1,0.559990680522912
4813716345#4354201228,1,1,0.559990680522912
3578109145#4070427569,0,0,0.419546180922395
4218561827#1955030813,0,0,0.419546180922395
4659671054#4491307779,0,1,0.5575647509150331
350874367544#443982000626,0,0,0.419546180922395
4717447489#5205797148,0,0,0.419546180922395
3930220886#4132115994,0,1,0.6280793700657462
1774643505#2061946625,0,1,0.559990680522912
2128656141#3717616592,0,0,0.419546180922395
1693941156#1740857110,1,0,0.419546180922395
2119467444#2176735919,0,0,0.419546180922395
1593907976#2059786009,0,0,0.419546180922395
1978617477#4506637171,0,1,0.559990680522912
216572631693#206301674199,0,0,0.419546180922395
1389018108#4623434856,0,0,0.419546180922395
1639385502#4435802207,0,0,0.419546180922395
169883264664#4429667301,0,0,0.419546180922395
1443062561#4876527314,0,0,0.419546180922395
3926967278#2057273513,0,1,0.6628854140845918
1639219119#2296574953,0,0,0.419546180922395
4316370583#4070758202,0,0,0.419546180922395
1372537976#4780994423,0,0,0.419546180922395
4763332016#31657249259,0,0,0.419546180922395
2744122330#2359113449,0,1,0.6280793700657462
2111350136#2111349786,0,0,0.419546180922395
489466582552#474022190894,1,1,0.6280793700657462
4285651704#3633082639,0,0,0.419546180922395
28375457127#200792633059,0,0,0.419546180922395
1875566008#3850067472,0,1,0.6280793700657462
1978617477#4667335909,0,0,0.419546180922395
9043448493#4264634558,0,0,0.419546180922395
3400442486#4460920026,0,0,0.419546180922395
3370936702#4585413933,0,1,0.559990680522912
3636206032#1438441441,0,0,0.419546180922395
4188977524#3487828531,0,0,0.419546180922395
3077307902#2175677532,0,0,0.419546180922395
187961304511#4889965062,0,0,0.419546180922395
4435630212#4196027218,0,0,0.419546180922395
4001709701#3435281641,0,1,0.6280793700657462
62533690929#2119387186,0,1,0.559990680522912
2037536844#3589653390,0,0,0.419546180922395
245814065042#4197957154,0,0,0.419546180922395
5031422175#4867525539,0,0,0.419546180922395
4506831459#4455655369,0,0,0.419546180922395
172020433612#1320992608,0,0,0.419546180922395
1319336886#1719728040,1,0,0.419546180922395
2057202352#2058222393,0,0,0.419546180922395
52308312082#75267388021,0,0,0.419546180922395
3082042195#5034412454,0,0,0.419546180922395
4650344731#4460827792,0,0,0.419546180922395
3271713296#25271558033,0,0,0.419546180922395
4271919356#4933230830,1,0,0.419546180922395
4624517252#335230005323,0,0,0.419546180922395
181358260931#3487828519,0,1,0.6628854140845918
3660138423#2063596099,0,0,0.419546180922395
3712213597#3474155608,0,0,0.419546180922395
1470085027#200569781240,0,0,0.419546180922395
4450968363#2063941871,0,0,0.419546180922395
3915411982#3986575237,0,0,0.419546180922395
3311945752#4469025400,1,0,0.419546180922395
4746787192#54158093151,0,0,0.419546180922395
4203062441#2133663760,0,0,0.419546180922395
3591652360#2873066846,1,1,0.6280793700657462
2067534525#2063888292,0,0,0.419546180922395
2057202352#2061309885,0,0,0.419546180922395
3475895224#70569712258,0,0,0.419546180922395
2120338226#2640338192,0,0,0.419546180922395
4283750934#3043391308,0,0,0.419546180922395
2070627808#2113093450,0,1,0.6280793700657462
3578109145#3551393130,1,0,0.419546180922395
1639330963#2297005450,0,0,0.419546180922395
2058531416#1415580742,0,0,0.419546180922395
2059400154#3041186060,0,0,0.419546180922395
1497880313#4746787193,0,0,0.419546180922395
4289060913#4650641709,0,1,0.559990680522912
369955904629#4786425382,0,0,0.419546180922395
4966778011#4965682215,0,0,0.419546180922395
3633529401#20201333480,0,0,0.419546180922395
2057186115#2067534525,0,0,0.419546180922395
3053961277#4717435092,0,0,0.419546180922395
3628839716#3451234547,0,0,0.419546180922395
1805614122#3477028783,0,0,0.419546180922395
4283750934#4429667301,0,0,0.419546180922395
3304467506#5197250019,0,0,0.419546180922395
4480972193#3850067472,0,1,0.6280793700657462
1719728040#2977432095,0,0,0.419546180922395
4717447489#4746833482,1,0,0.419546180922395
6013639039#2118041596,0,0,0.419546180922395
4889965062#2114708220,0,0,0.419546180922395
2050429391#2113270608,0,1,0.6628854140845918
1848719127#124076009506,0,0,0.419546180922395
2057352941#3517506225,1,1,0.6280793700657462
37132781634#3204907291,0,0,0.419546180922395
2111226139#2118967459,0,0,0.419546180922395
4212827921#373850276629,0,1,0.559990680522912
2063596827#1693960182,0,0,0.419546180922395
4145771589#3797472002,0,0,0.419546180922395
3602711494#4460813658,0,0,0.419546180922395
2146119221#3054434630,0,0,0.419546180922395
2063941641#2048870562,0,0,0.419546180922395
3540847089#329798453133,0,0,0.419546180922395
3487828531#2069945983,0,0,0.419546180922395
2009723716#3363374241,0,1,0.7897511787548684
3075632210#1639219119,0,0,0.419546180922395
18465755385#2306327656,0,0,0.419546180922395
4070427569#3702571839,0,0,0.419546180922395
4720990748#4720990752,0,1,0.6280793700657462
156276506111#4808240616,0,0,0.419546180922395
1410206420#3786142129,0,0,0.419546180922395
4643938191#69054998391,0,0,0.419546180922395
1320992608#3633114696,0,0,0.419546180922395
2054734151#2359113449,0,0,0.419546180922395
48384062571#4796107660,0,0,0.419546180922395
4540676462#4157779501,0,0,0.419546180922395
2297009298#2296522678,0,0,0.419546180922395
1312624571#3636206032,1,0,0.419546180922395
4643371260#4506831459,0,0,0.419546180922395
4717447489#2169788953,0,0,0.419546180922395
1403922320#5132524109,0,0,0.419546180922395
4717435092#1693941156,0,0,0.419546180922395
4232666143#2139604103,0,0,0.419546180922395
8431809214#18465839155,1,0,0.419546180922395
96073549554#190662008501,0,0,0.419546180922395
2059400154#3463623936,0,0,0.419546180922395
2355519467#4786425382,1,0,0.419546180922395
4966778011#2075393157,0,1,0.559990680522912
1552178606#5205408909,0,1,0.559990680522912
54158063899#2057120532,0,0,0.419546180922395
5205797148#117729109245,0,0,0.419546180922395
1650171815#2121155353,0,0,0.11186596354537809
2977432095#4674140626,0,0,0.419546180922395
4059739506#3287136302,0,0,0.419546180922395
2074433649#4475595676,0,0,0.419546180922395
1760226057#4523609337,0,0,0.419546180922395
2085225572#1497880313,0,0,0.419546180922395
4435802207#2058881485,0,0,0.419546180922395
35234959099#3512605559,0,0,0.419546180922395
2359572372#138649305625,0,0,0.419546180922395
2067590404#10183965715,0,0,0.419546180922395
4145771589#5090005101,0,0,0.419546180922395
1523991651#2063930195,0,0,0.419546180922395
4373986045#4301029959,0,0,0.419546180922395
4283750934#2229939616,1,0,0.419546180922395
4657354311#3289002540,0,0,0.419546180922395
5047311627#3477269984,0,0,0.419546180922395
3477269989#142083821417,0,0,0.419546180922395
4732077225#4746833490,0,0,0.419546180922395
5047311627#1497880313,0,0,0.419546180922395
2615156599#1500223180,0,0,0.419546180922395
3945392968#4010537132,0,0,0.419546180922395
4108691753#1848719127,0,0,0.419546180922395
4316370583#496613160423,0,0,0.419546180922395
4019678912#3042374102,0,0,0.419546180922395
1627738213#3986575237,0,0,0.419546180922395
4219594137#4185963090,1,1,0.7897511787548684
4206294979#1312745457,0,0,0.419546180922395
2057146445#2057202352,0,0,0.419546180922395
4667335909#4667944802,0,0,0.419546180922395
156275809937#4641732096,0,0,0.419546180922395
3882168316#4162055411,0,0,0.419546180922395
5122767609#3202641160,1,0,0.419546180922395
150594495671#212394033260,0,0,0.419546180922395
4354163617#3707618845,0,0,0.419546180922395
329798453133#1701535671,0,0,0.419546180922395
3641396498#1955012315,0,1,0.559990680522912
4650344731#4840518949,0,0,0.419546180922395
2060056771#2065121798,0,0,0.419546180922395
1920884120#4744904703,1,0,0.419546180922395
4206244931#2113270608,0,1,0.6628854140845918
4196030610#4623972834,0,0,0.419546180922395
5169209205#2301850248,0,0,0.419546180922395
5079490375#5205797148,0,0,0.419546180922395
4726069349#2090772224,0,0,0.419546180922395
3409249156#1639157122,0,0,0.419546180922395
4082003885#3991972122,0,1,0.6881760335960431
2116078007#4851873209,0,1,0.559990680522912
2067590404#3072564418,0,0,0.419546180922395
4375212253#4898730811,0,0,0.419546180922395
8609591019#2027684481,0,0,0.419546180922395
2065121798#2296574953,0,0,0.419546180922395
4667335909#4730947102,0,0,0.419546180922395
2726123301#3442901956,0,0,0.419546180922395
496613160423#1372181647,0,0,0.419546180922395
124076009506#4817865335,0,0,0.419546180922395
508313498462#2056513884,0,0,0.419546180922395
4206008942#1312745457,0,0,0.419546180922395
1416629632#5185554343,0,0,0.419546180922395
4200743404#2058535644,0,0,0.419546180922395
4593095274#1711995496,0,0,0.419546180922395
335230005323#4196027218,0,0,0.419546180922395
29608029868#29299331674,0,1,0.559990680522912
4735364801#3628839717,0,0,0.419546180922395
4893087221#4590123310,0,1,0.559990680522912
4038622993#3991972122,0,0,0.419546180922395
1848719127#1443062561,0,0,0.419546180922395
3920807098#4218561827,0,0,0.419546180922395
3240377870#1523991651,0,0,0.419546180922395
4657320935#2057485751,0,0,0.419546180922395
4755216808#4809064482,0,0,0.419546180922395
2181531828#2180579787,0,0,0.11186596354537809
2061309885#1592253963,0,0,0.419546180922395
5210339793#2873066846,0,1,0.6280793700657462
1479236023#1711703532,0,1,0.6280793700657462
2059400154#1372178479,0,0,0.419546180922395
5031422175#1958431796,0,0,0.419546180922395
2050883606#2301850248,0,0,0.419546180922395
3986761734#4345845643,0,0,0.419546180922395
2058535644#4673640575,0,0,0.419546180922395
3311945752#4574521416,0,0,0.419546180922395
2026258516#3287136302,0,0,0.419546180922395
114453608394#4271919356,0,0,0.419546180922395
4218561827#1410206420,0,0,0.419546180922395
2128656141#4327730515,0,0,0.419546180922395
2117967628#2119493181,0,0,0.419546180922395
2136267751#4479393573,0,0,0.419546180922395
3287136295#1443062561,0,0,0.419546180922395
2057120532#412740201285,0,0,0.419546180922395
4506831459#4523609337,0,0,0.419546180922395
3903296434#4256622048,0,0,0.419546180922395
1319336886#3416051894,0,0,0.419546180922395
3045169703#2359113449,0,0,0.419546180922395
2007329562#3945392968,0,1,0.6280793700657462
4848820948#3629081901,0,1,0.6628854140845918
4635899864#1712004928,0,0,0.419546180922395
4840518949#4851873209,1,1,0.559990680522912
3913210887#4004633045,0,0,0.419546180922395
4185963090#18465765293,0,0,0.419546180922395
2044195515#2090772224,1,0,0.419546180922395
4272798975#412740201285,0,0,0.419546180922395
4226659634#4226659635,0,0,0.419546180922395
1715361146#2063888292,0,0,0.419546180922395
2057202352#1639183384,0,0,0.419546180922395
4226659634#4256725997,0,0,0.419546180922395
2010425525#2057186102,0,0,0.419546180922395
2277829162#1416693660,0,0,0.419546180922395
2057514370#3850067472,0,0,0.419546180922395
4451089335#4452060617,1,0,0.419546180922395
2063941871#4641732096,1,1,0.7897511787548684
31657249259#4874906617,1,1,0.559990680522912
5022076775#1416629632,0,0,0.419546180922395
5197250019#2977432095,0,0,0.419546180922395
3077766580#474022190894,0,1,0.559990680522912
5956875678#4959266141,0,0,0.419546180922395
117873856741#1715361146,0,0,0.419546180922395
391306865273#356576030969,1,0,0.419546180922395
90189177809#87008148161,0,0,0.419546180922395
1805614122#3041186060,0,1,0.6280793700657462
2057660030#3043166693,0,0,0.419546180922395
2057273513#3927040910,0,1,0.6628854140845918
1694379811#4082003885,0,0,0.419546180922395
3728594582#14613460476,0,0,0.419546180922395
3747287828#2112308267,0,0,0.419546180922395
5037293131#3993258388,0,0,0.419546180922395
2146061466#2159739481,0,0,0.0
4070366893#2117967628,0,0,0.419546180922395
2277829162#2146119221,0,0,0.419546180922395
3735183725#4809064482,0,0,0.419546180922395
167570408533#165376540325,0,0,0.419546180922395
1685036582#3033447588,0,0,0.419546180922395
152713369272#18466522141,0,0,0.419546180922395
210012116583#2127640300,0,0,0.419546180922395
5083069896#2037536844,0,0,0.419546180922395
4693830154#4697566414,1,0,0.419546180922395
4196027218#4606763895,0,0,0.419546180922395
2175677532#4301029959,0,0,0.419546180922395
2063888292#2060056771,0,0,0.419546180922395
3072525687#3072564418,0,0,0.419546180922395
1347277680#4744904703,0,0,0.419546180922395
29103099346#172020433612,0,0,0.419546180922395
43182039587#2977766885,0,0,0.419546180922395
1711730143#1533725661,0,0,0.419546180922395
1416629632#2977766885,0,0,0.419546180922395
4883419414#1533725661,0,1,0.559990680522912
90189177809#4552735561,0,0,0.419546180922395
28375457127#38406123057,0,0,0.419546180922395
2028165651#4732077225,0,0,0.419546180922395
3289002540#4291077418,0,0,0.419546180922395
54160155723#97378085541,0,0,0.419546180922395
3887327251#2085225572,0,0,0.419546180922395
2058494409#3042374102,0,0,0.419546180922395
3920807098#1646144729,0,0,0.419546180922395
3626237468#4636446230,0,0,0.419546180922395
11636622561#2640338192,0,0,0.419546180922395
1848719127#5206675985,0,0,0.419546180922395
2111351705#2113288221,0,0,0.419546180922395
2057514370#2175677532,0,0,0.419546180922395
1774643505#1882949681,0,1,0.559990680522912
1552178606#3660138423,0,1,0.559990680522912
1932250238#2117971399,0,0,0.419546180922395
62533690929#69054998391,0,0,0.419546180922395
2117971399#1634250118,0,0,0.419546180922395
4782028642#4448830722,0,0,0.419546180922395
3438857896#4361071311,1,0,0.419546180922395
4335101562#3429527333,0,0,0.419546180922395
2038238076#10183965715,0,0,0.419546180922395
4450968363#433432593358,0,0,0.419546180922395
4535937748#4523609337,0,0,0.419546180922395
2057082510#4933230830,0,0,0.419546180922395
433432593358#4498422001,0,0,0.419546180922395
3053961277#2062122607,0,0,0.419546180922395
2050883606#2139604103,0,0,0.419546180922395
5045337406#285571185833,0,0,0.419546180922395
1611432328#4205391929,0,0,0.419546180922395
4219594127#4206244931,1,1,0.6628854140845918
167570408533#49857216438,0,0,0.419546180922395
3400442486#1438441441,0,0,0.419546180922395
3825974020#3633760178,0,0,0.419546180922395
3404236704#3429527333,0,0,0.419546180922395
6013639039#4938744224,0,0,0.419546180922395
3477269984#4475595676,0,0,0.419546180922395
2359435242#2061673563,0,0,0.419546180922395
4662125901#3578109145,0,0,0.419546180922395
1685036582#1644134375,0,0,0.419546180922395
4808983543#4808238795,0,0,0.419546180922395
3251483032#1639330963,0,0,0.419546180922395
138962728028#2059786009,0,0,0.419546180922395
4285651704#4203062441,0,0,0.419546180922395
4217397015#4219594137,0,0,0.419546180922395
1453376890#4819735406,0,0,0.419546180922395
1785334661#3053549924,0,0,0.419546180922395
291245346593#109165560395,0,0,0.419546180922395
1650171815#4552735561,0,0,0.419546180922395
1316741419#2075899540,0,1,0.5962414170018269
283482842835#3850067472,0,1,0.6280793700657462
3708976648#2744122330,0,0,0.419546180922395
2062122607#2012448159,0,0,0.419546180922395
3479468876#14613455236,0,0,0.419546180922395
25271558033#2061946625,0,0,0.419546180922395
2057146445#2055377608,0,0,0.419546180922395
4384418878#1517548862,0,0,0.419546180922395
1733350200#4040861140,0,0,0.419546180922395
3633114696#2079580923,0,0,0.419546180922395
3043036534#2117971399,0,0,0.419546180922395
369955897964#200792633059,0,0,0.419546180922395
4476878387#4219594137,0,0,0.419546180922395
4158960527#4535937748,0,0,0.419546180922395
1611432328#2111616240,0,0,0.419546180922395
4965685047#4965700329,0,1,0.5962414170018269
4624517252#4417535000,0,0,0.419546180922395
64393522082#2056662276,1,1,0.6628854140845918
90189177809#90189177932,0,1,0.6628854140845918
4144296423#4332430141,0,0,0.419546180922395
2055377608#64461302079,0,1,0.6628854140845918
4059739506#335230006871,0,0,0.419546180922395
3797472002#3881831374,0,0,0.419546180922395
5185529458#4744904703,0,0,0.419546180922395
13389301105#4893087221,0,1,0.559990680522912
3883325282#4003389165,0,0,0.419546180922395
4699490403#1685036582,1,1,0.9585961081094649
75959618233#4763332016,0,0,0.419546180922395
1320992607#1711703532,0,0,0.419546180922395
3913210887#3400442486,0,0,0.419546180922395
4855494603#3708976648,0,0,0.419546180922395
3931049291#3445826974,0,0,0.419546180922395
3927439605#4796107660,0,0,0.419546180922395
3602711494#4196027218,0,0,0.419546180922395
35234959099#4758277966,0,0,0.419546180922395
3870637640#3882026745,0,0,0.419546180922395
4720990752#156276506111,0,0,0.419546180922395
1533725661#3475895224,0,1,0.559990680522912
4019678912#3287136302,0,0,0.419546180922395
4448830722#407898948323,0,0,0.419546180922395
2044195515#3061887297,0,0,0.419546180922395
2007329562#3633529401,0,0,0.419546180922395
4657354294#4232471781,0,0,0.419546180922395
172020433612#1709836734,0,0,0.419546180922395
4449163726#1785937268,0,0,0.419546180922395
3934516600#3935134734,1,1,0.6280793700657462
4572510718#5185529458,0,0,0.419546180922395
3043166693#329798453133,0,0,0.419546180922395
103649711605#489466582552,0,1,0.559990680522912
2074433649#1712613661,1,0,0.419546180922395
3962069458#2873066846,0,1,0.6280793700657462
4867751970#5132524109,0,0,0.419546180922395
4415227218#3589653390,0,0,0.419546180922395
3991972122#2977766885,0,1,0.559990680522912
2873066846#4285651704,0,0,0.419546180922395
2058494409#4782028642,0,0,0.419546180922395
2057202352#4145771589,0,0,0.419546180922395
4449163726#2067590404,0,0,0.419546180922395
4030079241#2057573219,0,0,0.419546180922395
2079580923#26795163325,0,0,0.419546180922395
3564326181#2314431580,0,0,0.419546180922395
4448830722#248509310374,0,0,0.419546180922395
3582409643#1649349373,0,0,0.419546180922395
1410173485#2067534525,0,1,0.6280793700657462
4516329204#117154450703,0,0,0.419546180922395
29608029868#2055988859,0,1,0.559990680522912
4226781300#200792633059,0,0,0.419546180922395
5079490375#1955012315,0,0,0.419546180922395
4807598946#441422692319,0,0,0.419546180922395
4579061300#4813716345,0,0,0.419546180922395
14613460476#4657320935,0,0,0.419546180922395
302839388028#487072504294,0,0,0.419546180922395
5206675985#1443062561,0,0,0.419546180922395
3550979323#4283348799,0,0,0.419546180922395
4893087221#496613160423,0,0,0.419546180922395
2070627808#3364587358,0,0,0.419546180922395
4197957154#1649349373,0,1,0.6280793700657462
1958431796#4206245003,0,0,0.419546180922395
356576030969#379478718058,0,0,0.419546180922395
3311945752#4575249992,0,0,0.419546180922395
1774818684#2175677532,0,0,0.419546180922395
1372181647#4893087221,0,0,0.419546180922395
5956875678#4254960496,0,0,0.419546180922395
3240377870#3927031679,0,0,0.419546180922395
3915411982#4667944802,0,0,0.419546180922395
3926916973#2136267751,0,0,0.419546180922395
4429667301#2977432095,0,0,0.419546180922395
5185529458#3271713296,0,0,0.419546180922395
1740857110#4819735406,0,0,0.419546180922395
4808240616#18465765293,0,1,0.6280793700657462
1320992607#4283750934,0,0,0.419546180922395
5083069896#4673640575,0,1,0.6881760335960431
1479606018#1320992607,0,0,0.419546180922395
3082042195#1479236028,0,0,0.419546180922395
1592252801#1995007743,0,0,0.419546180922395
2169788953#4746833482,0,0,0.419546180922395
2068611560#2070627808,0,1,0.6628854140845918
4158960527#2175677532,0,0,0.419546180922395
3766757690#1978617477,0,0,0.419546180922395
4145496082#2058407169,0,0,0.419546180922395
3786142129#4674166292,0,0,0.419546180922395
96073549554#5037293131,0,0,0.419546180922395
1372178479#2146119221,0,0,0.419546180922395
1701535671#187961304511,0,0,0.419546180922395
5045337406#2061309885,0,0,0.419546180922395
3204907291#2055492411,0,0,0.419546180922395
2061244620#2057202369,1,0,0.419546180922395
4429667301#1627677359,0,0,0.419546180922395
2070030589#14586847312,0,0,0.419546180922395
4624517252#3240377870,0,0,0.419546180922395
4975664600#2306327656,0,0,0.419546180922395
2115848787#2175677532,1,0,0.419546180922395
3606108939#4111311078,0,0,0.419546180922395
3551393130#1955012315,0,0,0.419546180922395
1321360812#2058881485,0,0,0.419546180922395
68727484174#90189177809,0,1,0.6628854140845918
1410206420#3862188518,0,0,0.419546180922395
3047893935#19200751877,0,0,0.419546180922395
152713369272#3610178183,0,0,0.419546180922395
373850277197#75959618233,0,0,0.419546180922395
4662125901#4643371260,0,0,0.419546180922395
4373986045#4273519745,0,0,0.419546180922395
4575043423#248509310374,0,0,0.419546180922395
3202641160#37132781634,0,0,0.419546180922395
1805614122#4883419414,0,0,0.419546180922395
2111351705#4080777239,0,0,0.419546180922395
3487828519#4188977524,0,0,0.419546180922395
10605371390#5205797148,1,0,0.419546180922395
69055886795#5034887015,0,0,0.419546180922395
150594495671#167570408533,0,0,0.419546180922395
4041026262#187961304511,0,0,0.419546180922395
2074433649#1955032383,0,0,0.419546180922395
2063930195#5205408909,1,1,0.6881760335960431
1633806208#2055377608,0,1,0.6628854140845918
4944832122#4480972193,1,1,0.6280793700657462
1443062561#1833924490,1,0,0.419546180922395
2296574953#54160155723,0,0,0.419546180922395
2127640300#1479236025,0,0,0.419546180922395
1307862087#1314231362,0,0,0.419546180922395
4065795437#1709836734,0,0,0.419546180922395
6013639039#18465755385,0,0,0.419546180922395
4373986045#3717616592,0,0,0.419546180922395
3271713296#4030079241,0,1,0.588054110301769
187961304511#2744122330,0,0,0.419546180922395
156276919685#200792633059,0,0,0.419546180922395
4082182753#4941134416,0,0,0.419546180922395
18465851371#1818747488,0,0,0.419546180922395
4361071311#102904734113,0,0,0.419546180922395
2304664037#4041026262,0,0,0.419546180922395
4435497569#2048870562,0,0,0.419546180922395
4231111906#4657354294,0,0,0.419546180922395
4292931987#3636206032,0,0,0.419546180922395
2640338192#4384418878,0,1,0.6280793700657462
2057186102#3926967278,1,1,0.6628854140845918
1701535671#4010537132,0,0,0.419546180922395
1639330963#18465765293,0,1,0.6628854140845918
3612961288#4782028642,0,0,0.419546180922395
3240377870#4272953638,0,0,0.419546180922395
1470085027#2050581826,0,0,0.419546180922395
1321360812#4117072069,0,0,0.419546180922395
4730947102#4289060913,0,0,0.419546180922395
4219594127#2050429391,0,1,0.6628854140845918
4301048457#3792586113,0,0,0.419546180922395
1646144729#4218561827,0,0,0.419546180922395
3279454241#3991972122,0,0,0.419546180922395
1685036582#4674166292,0,0,0.419546180922395
4746833482#2062122607,1,0,0.419546180922395
4111311078#2057186115,0,0,0.419546180922395
5132524109#99206573417,0,0,0.419546180922395
4222933048#4206294979,0,0,0.419546180922395
4218561827#4082182753,0,0,0.419546180922395
2108699584#1859050383,0,0,0.419546180922395
102514982310#1479606018,0,0,0.419546180922395
4624517252#4062424365,0,1,0.6280793700657462
3540847089#1500223180,0,0,0.419546180922395
2012443116#4469025400,0,0,0.419546180922395
3438857896#156276506111,0,0,0.419546180922395
3559141878#2159739481,1,0,0.419546180922395
3883325282#2062181997,0,1,0.6881760335960431
1316070485#3230703164,0,0,0.419546180922395
1815809122#2060056771,1,0,0.419546180922395
3414290684#1416629632,0,0,0.419546180922395
3438857896#4449163726,0,0,0.419546180922395
3633114696#4746833482,0,0,0.419546180922395
4062424365#2111320607,0,1,0.6280793700657462
1877399023#4427940311,0,0,0.419546180922395
1955030813#4375212253,0,0,0.419546180922395
4206245003#2057352941,0,0,0.419546180922395
4373986045#3712213597,0,0,0.419546180922395
2057082510#4889965062,0,1,0.9585961081094649
4623324616#138962728028,0,0,0.419546180922395
156276506111#4808180492,0,0,0.419546180922395
1776613381#1965402836,0,0,0.419546180922395
4657320935#4010537132,1,0,0.419546180922395
156276919685#4226781300,0,0,0.419546180922395
3501281334#3289002540,0,0,0.419546180922395
4726069349#4292931987,0,0,0.419546180922395
3053961277#1416629632,0,0,0.419546180922395
2744122330#4196027218,0,0,0.419546180922395
3256705889#102514982310,0,0,0.419546180922395
226460833239#4001709701,0,0,0.419546180922395
1573188123#3714314534,0,0,0.419546180922395
4944579314#1500223180,0,0,0.419546180922395
1479236023#3850067472,0,1,0.6280793700657462
14613460476#3240377870,1,0,0.419546180922395
1592252801#2055608440,0,0,0.419546180922395
4217397015#3986761734,0,0,0.419546180922395
5122767609#4965685047,1,0,0.419546180922395
245814065042#1639330963,0,0,0.419546180922395
4732077225#4746833482,0,0,0.419546180922395
298575330094#3711116048,0,0,0.419546180922395
4254960496#2069078384,0,1,0.6280793700657462
5183692300#4668248026,0,0,0.419546180922395
1627677359#433432593358,0,0,0.419546180922395
4623972834#4065734118,0,0,0.419546180922395
2119493181#1637581644,0,1,0.559990680522912
2229939616#90189178714,0,0,0.419546180922395
4819851561#2062181997,0,1,0.6881760335960431
37132781634#3935134734,0,0,0.419546180922395
2063941871#2063941641,0,0,0.419546180922395
3995882585#4274235353,0,0,0.419546180922395
2133358535#3636206032,0,0,0.419546180922395
1633806208#3831306913,1,1,0.6628854140845918
5045337406#5132524109,0,0,0.419546180922395
2183428945#3043036534,0,0,0.419546180922395
3633529401#3582409643,1,0,0.419546180922395
204767102724#18468022060,0,0,0.419546180922395
4965685047#3204907291,0,0,0.419546180922395
90189177932#87008148161,0,0,0.419546180922395
4345845643#3290843988,0,0,0.419546180922395
156276601478#4226781300,0,0,0.419546180922395
3540847089#4516329204,0,0,0.419546180922395
1818747488#3997209484,0,0,0.419546180922395
2297009298#1627738213,0,0,0.419546180922395
88520940864#90189177809,1,1,0.6628854140845918
2146061466#3463623936,0,0,0.0
3409249156#169883264664,0,0,0.419546180922395
3633760178#3846933347,0,0,0.419546180922395
1453376890#3075632210,0,0,0.419546180922395
1611432328#4780994423,0,0,0.419546180922395
3930220886#4831154380,0,0,0.419546180922395
25271558033#335230006871,0,0,0.419546180922395
4373986045#4612302183,0,0,0.419546180922395
4130010417#4448830722,0,0,0.419546180922395
4796107660#4130010417,0,0,0.419546180922395
69054982841#88520940864,0,1,0.6628854140845918
4623955861#1639436942,0,0,0.419546180922395
1479236027#1479606018,0,0,0.419546180922395
200792633059#3633114696,0,0,0.419546180922395
4452060617#4782028642,0,0,0.419546180922395
124076009506#4162055411,0,0,0.419546180922395
2488218738#4300806520,0,0,0.419546180922395
4283750934#2159739481,0,0,0.419546180922395
4212792387#3633760178,0,0,0.419546180922395
3876493191#3991972122,0,1,0.559990680522912
4435666805#4165283827,1,1,0.6628854140845918
1592252801#2050760324,0,0,0.419546180922395
62533690929#4650641709,0,1,0.559990680522912
3054434630#3477028783,0,0,0.419546180922395
4506831459#1312624571,0,0,0.419546180922395
4040861140#3964017834,0,0,0.419546180922395
3487828531#3287805133,1,0,0.419546180922395
350874367544#5045337406,0,0,0.419546180922395
4231111906#4232471781,0,0,0.419546180922395
6633440508#19200751877,0,0,0.419546180922395
4635899864#150594495671,0,0,0.419546180922395
3287136302#3287136295,0,0,0.419546180922395
1650171815#5068270943,0,1,0.5962414170018269
4938744224#1639330963,0,0,0.419546180922395
5196417840#4516329204,0,0,0.419546180922395
3474685536#4786425382,0,0,0.419546180922395
4464938911#1453376890,0,0,0.419546180922395
3915411982#2058531416,1,1,0.9585961081094649
2140707372#2057352941,0,0,0.419546180922395
2113270608#4435666805,1,1,0.6628854140845918
4713666808#203654552716,0,0,0.419546180922395
1958431796#4289060913,0,0,0.419546180922395
1614597826#1316070485,0,0,0.419546180922395
3033447588#450892236156,0,0,0.419546180922395
1644134375#2058563113,0,0,0.419546180922395
2115848787#3712213597,0,0,0.419546180922395
350874367544#2306327656,0,0,0.419546180922395
1929467433#2057202352,0,0,0.419546180922395
4840518949#3061887297,0,0,0.419546180922395
3267338675#2133358535,0,1,0.559990680522912
549708986379#1416629632,0,0,0.419546180922395
4653988894#2977432095,0,1,0.559990680522912
3202641160#3204907291,1,0,0.419546180922395
3438857896#4475595676,0,0,0.419546180922395
1372181647#2062990764,0,0,0.419546180922395
2111226139#2009659663,0,0,0.419546180922395
3463623936#1694379811,0,1,0.559990680522912
4877012874#1859050383,0,0,0.419546180922395
248509310374#4038622993,0,0,0.419546180922395
35234959099#1776613381,0,0,0.419546180922395
156276601478#4455655369,0,0,0.419546180922395
4674166292#3479468876,0,0,0.419546180922395
37132781634#4966778011,0,0,0.419546180922395
2058881485#4786537439,0,0,0.419546180922395
4236870644#3747287828,0,0,0.419546180922395
4867751970#4003389165,0,0,0.419546180922395
3267338675#4197957154,0,1,0.559990680522912
4057297840#4552735561,0,0,0.419546180922395
2977432095#303433622485,0,1,0.559990680522912
4746787193#4746787192,0,0,0.419546180922395
2057186102#4435802207,0,0,0.419546180922395
3363374241#433432593358,0,0,0.419546180922395
4256926363#4232471781,0,0,0.419546180922395
1500223180#4203062441,0,0,0.419546180922395
4933360994#3845908374,0,0,0.419546180922395
2118416856#1978617477,0,0,0.419546180922395
3489875333#4684230132,0,1,0.6280793700657462
3435281641#3053549924,0,1,0.6280793700657462
4448830722#4792436579,0,0,0.419546180922395
4300806520#4030079241,1,1,0.588054110301769
1818747488#4575249992,0,0,0.419546180922395
3105105450#8609591019,0,0,0.419546180922395
4196027218#4657395496,0,0,0.419546180922395
1416693660#2314431580,1,0,0.419546180922395
1709836734#1711730143,0,0,0.419546180922395
2057186168#4758277966,0,0,0.419546180922395
4900256072#4065734118,0,0,0.419546180922395
52308312082#2054666779,0,0,0.419546180922395
4375212253#4449163726,0,0,0.419546180922395
4185358309#4965682215,0,0,0.419546180922395
2057202352#1955032383,0,0,0.419546180922395
3311945752#1818747488,0,0,0.419546180922395
41965445982#48384062571,0,0,0.419546180922395
4585413933#1882949681,0,1,0.559990680522912
4808983543#4720990747,0,0,0.419546180922395
4495044650#2009723716,0,0,0.419546180922395
3212722992#1577232714,0,0,0.419546180922395
1639436942#69055886795,0,0,0.419546180922395
3363374241#200792633059,0,0,0.0
5185529458#3251483032,1,1,0.7897511787548684
4480972193#2074433649,0,0,0.419546180922395
2359435242#2056927656,0,0,0.419546180922395
2114279054#4593095274,0,1,0.559990680522912
303433622485#4062424365,0,1,0.559990680522912
102180093107#1391856996,0,0,0.419546180922395
4900256072#1815809122,0,0,0.419546180922395
248509310374#443982000626,0,0,0.419546180922395
1312624571#1312745457,0,0,0.419546180922395
4448830722#1718702641,0,0,0.419546180922395
2058535644#4062424365,0,1,0.559990680522912
3540847089#3043166693,0,0,0.419546180922395
4657395496#4435630212,0,0,0.419546180922395
2111226139#2058531416,0,0,0.419546180922395
4938744224#4004633045,0,0,0.419546180922395
97875580425#2297009298,0,0,0.419546180922395
192584035425#1978617477,0,0,0.419546180922395
5185554343#3915411982,0,0,0.419546180922395
3564326181#5047311627,0,0,0.419546180922395
418215123949#3766757690,0,0,0.419546180922395
2114279054#2314431580,0,0,0.419546180922395
2063837093#4373986045,0,0,0.419546180922395
4479393573#4283750934,0,0,0.419546180922395
1875566008#2119387186,0,0,0.419546180922395
18465765293#156276506111,0,0,0.419546180922395
1321360812#1573188123,0,0,0.419546180922395
2057146445#1431930648,0,0,0.419546180922395
4145044745#2111226139,0,0,0.419546180922395
4938744224#2009723716,0,0,0.419546180922395
1649349373#3290768654,0,1,0.6280793700657462
156276919685#87008148161,0,0,0.419546180922395
5131642969#3735183725,1,0,0.419546180922395
212394033260#5090005101,0,0,0.419546180922395
4316370583#4435497569,0,1,0.559990680522912
5090005176#5090005101,0,0,0.419546180922395
4332430141#3612961288,0,0,0.419546180922395
2057120532#91686025987,0,0,0.419546180922395
280987330860#3712213597,0,0,0.419546180922395
4196027218#4476878387,0,0,0.419546180922395
90189177809#2058407169,0,0,0.419546180922395
3920807098#3728594582,0,0,0.419546180922395
192584035425#283482842835,1,1,1.0
20201333480#5124643800,0,0,0.419546180922395
3633760178#1321360812,0,0,0.419546180922395
2056662276#64461302079,0,1,0.6628854140845918
369955897964#1785334661,0,0,0.419546180922395
3230703164#1593907976,0,0,0.419546180922395
4111406344#2059840221,0,0,0.419546180922395
2108699584#2114326156,0,0,0.419546180922395
18465755385#4574521416,0,0,0.419546180922395
4900256072#2055988859,0,0,0.419546180922395
3927040910#2057120532,0,0,0.419546180922395
1955030813#1541915947,0,0,0.419546180922395
4851639047#5183692300,0,0,0.419546180922395
4659671054#4506831459,0,0,0.419546180922395
3404236704#4452060617,0,0,0.419546180922395
64461302079#64393522082,0,1,0.6628854140845918
1639436942#5185245258,0,0,0.419546180922395
3946584694#4185358309,0,1,0.6280793700657462
5034412454#3582409643,0,0,0.419546180922395
2306327656#200569781240,0,0,0.419546180922395
1818747488#4057038032,0,0,0.419546180922395
1929467433#3920807098,0,0,0.419546180922395
3929215225#3882026745,1,0,0.419546180922395
4150903702#1711730143,0,0,0.419546180922395
2061244620#4415227218,0,0,0.419546180922395
2007329552#1965402836,0,1,0.559990680522912
2065121798#1639219119,0,0,0.419546180922395
4699490403#4900256072,0,1,0.9585961081094649
3475895224#4593095274,0,1,0.559990680522912
2057202352#1431887069,1,0,0.419546180922395
1701535671#4506831459,1,0,0.419546180922395
179195001984#4065795437,0,0,0.419546180922395
3927439605#1573188123,0,1,0.7897511787548684
3477269984#156275809937,0,0,0.419546180922395
4659671054#1995007743,0,0,0.419546180922395
3628839716#1639219119,0,0,0.419546180922395
4645346456#4200588492,0,0,0.419546180922395
5078702464#3903296434,0,1,0.6628854140845918
23593454505#2055988859,0,0,0.419546180922395
199104051031#2057536594,0,0,0.419546180922395
1593907976#2061244620,0,0,0.419546180922395
4579061300#4042116073,0,0,0.419546180922395
1592252801#5122809038,0,0,0.419546180922395
4590537395#4623978044,0,0,0.419546180922395
190486841338#150594495671,0,0,0.419546180922395
3927439605#2075611951,0,0,0.419546180922395
4264634558#4632894940,0,0,0.419546180922395
3414290684#3445826974,1,0,0.419546180922395
4200743404#1321360812,0,0,0.419546180922395
487072504294#4623324616,0,0,0.419546180922395
1416301524#3043036534,0,0,0.419546180922395
10183965715#2070030589,0,0,0.419546180922395
3324213074#190486841338,0,0,0.419546180922395
1389154734#3429527333,0,0,0.419546180922395
2057082379#3363374241,0,1,0.7897511787548684
4226659635#4236870644,0,0,0.419546180922395
1500223180#4375212253,0,0,0.419546180922395
18466522141#302839388028,0,0,0.419546180922395
4162055411#4506831459,0,0,0.419546180922395
4203062441#3882026745,0,0,0.419546180922395
2113270608#4185963090,0,0,0.419546180922395
4176537188#3915411982,0,0,0.419546180922395
1774818684#31657249259,0,0,0.419546180922395
3629081901#3626237468,0,1,0.6628854140845918
5098812067#2116078007,0,1,0.559990680522912
4643938191#28375457127,0,0,0.419546180922395
4746833482#2062990764,0,0,0.419546180922395
4345845643#4283750934,0,0,0.419546180922395
2355519467#3717616592,0,0,0.419546180922395
392281366488#3728591592,0,0,0.419546180922395
70569712258#2037536844,0,0,0.419546180922395
2297009298#4643805223,0,0,0.419546180922395
2060056771#4693830154,0,0,0.419546180922395
4585413933#4782028642,0,0,0.419546180922395
2075611951#3633082639,0,0,0.419546180922395
2640338192#4632894940,0,1,0.6280793700657462
1633806208#5956875678,0,0,0.419546180922395
3626237468#3766757690,1,1,0.6628854140845918
2056078364#3050152494,0,1,0.559990680522912
3786142129#3708028912,1,0,0.419546180922395
5045337406#4226781300,0,0,0.419546180922395
3945392968#4206294979,0,0,0.419546180922395
3324213074#4226781300,0,0,0.419546180922395
2416679645#4162055411,0,0,0.419546180922395
4065795437#1443062561,0,0,0.419546180922395
4786537439#2007329552,0,0,0.419546180922395
211675776290#99206573417,0,0,0.419546180922395
4965682215#4965685047,0,0,0.419546180922395
3501281334#25271558033,0,0,0.419546180922395
5083069896#1648883631,0,0,0.419546180922395
1776613381#88520940864,0,0,0.419546180922395
3927439605#3501281334,0,0,0.419546180922395
356576030969#4283786658,0,0,0.419546180922395
2037536844#181358260931,0,0,0.419546180922395
4001709701#2027684481,0,1,0.6280793700657462
549708986379#5185554343,1,0,0.419546180922395
3445826974#1902954948,0,0,0.419546180922395
448871401046#5079490375,0,0,0.419546180922395
2113288221#4274088675,0,0,0.419546180922395
2026258516#48384062571,0,1,0.559990680522912
18465851371#1639157122,1,1,0.559990680522912
4782028642#4792436579,1,0,0.419546180922395
3850067472#2054724323,0,1,0.6280793700657462
14613476507#3363374241,0,0,0.0
2218261094#1774643505,0,1,0.559990680522912
4966778011#3202641160,0,0,0.419546180922395
2355519467#4749417182,0,0,0.419546180922395
3728591592#4464938911,0,1,0.559990680522912
4080777239#2114716134,0,0,0.419546180922395
2136267751#4848820948,0,0,0.419546180922395
3062884266#2127640300,0,0,0.419546180922395
3845908374#3766757690,0,1,0.6628854140845918
4081158129#4289060913,0,0,0.419546180922395
4808180492#4808983543,0,0,0.419546180922395
2088439298#3479468876,0,0,0.419546180922395
3930220886#2058129925,0,0,0.419546180922395
4851639047#3945392968,0,1,0.6280793700657462
1774643505#4277815885,0,1,0.559990680522912
369955897964#369955904629,0,0,0.419546180922395
1639436942#3798986721,0,0,0.419546180922395
1395111624#2169788953,0,0,0.419546180922395
4219594137#3404236704,0,0,0.419546180922395
4786425382#4851639047,0,0,0.419546180922395
2056478070#4448830722,0,1,0.6628854140845918
3477269989#5102675634,0,0,0.419546180922395
3445826974#303433622485,0,0,0.419546180922395
150594502346#190486841338,0,0,0.419546180922395
2057186168#1955032383,0,0,0.419546180922395
4197957154#4040861140,0,1,0.559990680522912
4480972193#1805614122,0,1,0.6280793700657462
3559141878#1497880313,0,0,0.419546180922395
5090005101#1316070485,0,0,0.419546180922395
2059786009#1303289685,0,0,0.419546180922395
2071801820#1719728040,0,0,0.419546180922395
3041186060#3442901956,0,1,0.6280793700657462
4185358309#102514982310,0,0,0.419546180922395
4469025400#4057038032,0,0,0.419546180922395
1877399023#1965402836,0,1,0.559990680522912
4300806520#3850067472,0,0,0.419546180922395
1453376890#1782375467,0,0,0.419546180922395
4165283827#2113270608,1,1,0.6628854140845918
1349608070#3846933347,0,0,0.419546180922395
1958431796#4506831459,0,0,0.419546180922395
4264634558#369955897964,0,0,0.419546180922395
2140707372#4606763895,0,0,0.419546180922395
5183692300#29103099346,0,1,0.6628854140845918
3077743360#1848719127,0,0,0.419546180922395
1929467433#4603465738,0,0,0.419546180922395
329798453133#3707618845,0,0,0.419546180922395
6013639039#1639219119,0,0,0.419546180922395
2057514370#2057485751,1,0,0.419546180922395
407898948323#5045337406,0,0,0.419546180922395
54158093151#14613460476,0,0,0.419546180922395
2314431580#4185963090,0,0,0.419546180922395
2296522678#5034412454,0,1,0.559990680522912
489466582552#2061244620,0,0,0.419546180922395
5022076775#1648883631,0,0,0.419546180922395
487072504294#3240377870,0,0,0.419546180922395
4552735561#1929601246,0,0,0.419546180922395
3256705889#1978617477,0,0,0.419546180922395
1693941156#4657354294,0,0,0.419546180922395
9043448493#3043391308,0,0,0.419546180922395
4254960496#3075632210,0,0,0.419546180922395
1372178479#3054434630,0,0,0.419546180922395
3870637640#203654552716,0,0,0.419546180922395
4165283827#4219594137,0,1,0.6628854140845918
5205408909#3995923367,0,1,0.6881760335960431
4786425382#4506831459,0,0,0.419546180922395
2296522678#2075393157,1,1,0.559990680522912
4259867589#4375212253,0,0,0.419546180922395
4623972834#4713666808,0,0,0.419546180922395
3072525687#3042374102,0,0,0.419546180922395
3081749686#3292344806,0,0,0.419546180922395
1639157122#150594495671,0,0,0.419546180922395
1438441441#2073951091,0,0,0.419546180922395
2111320607#2075302660,0,0,0.419546180922395
6633440508#6633358861,0,0,0.419546180922395
2063596827#4792436579,0,1,0.7897511787548684
2726123301#2075302660,1,0,0.419546180922395
4226659634#3054434630,0,0,0.419546180922395
4332430141#5183118904,1,0,0.419546180922395
2057573219#3279454241,0,0,0.419546180922395
3287136303#4080777239,0,0,0.419546180922395
4206294979#2111351705,0,0,0.419546180922395
2026258516#1712004928,0,1,0.559990680522912
4720990747#3438857896,0,0,0.419546180922395
3043036534#1932250238,1,0,0.419546180922395
4673640575#124076009506,0,1,0.6881760335960431
2027684481#4585413933,0,1,0.559990680522912
4070427569#3564326181,0,0,0.419546180922395
3712213597#2057706385,0,0,0.419546180922395
96073549554#4301048457,0,0,0.419546180922395
181358260931#4081158129,0,0,0.419546180922395
1709836734#3487828519,0,0,0.419546180922395
2359572372#4080777239,0,0,0.419546180922395
1995007743#2726123301,0,0,0.419546180922395
3986761734#3287633018,0,0,0.419546180922395
3883325282#69054982841,0,0,0.419546180922395
9043448493#124076009506,0,0,0.419546180922395
4301048457#3550979323,0,0,0.419546180922395
29299331674#2120525705,0,0,0.419546180922395
2057082379#4933230830,0,0,0.419546180922395
2075302660#1541915947,0,0,0.419546180922395
2119493181#2119467444,0,0,0.419546180922395
3636206032#3991972122,0,0,0.419546180922395
1416693660#4185963090,0,0,0.419546180922395
3920807098#4375212253,0,0,0.419546180922395
124076009506#3409249156,0,0,0.419546180922395
4332430141#2873066846,0,0,0.419546180922395
2116078007#1639183384,0,0,0.419546180922395
2056662276#3862188518,0,0,0.419546180922395
4273519745#2133663760,0,0,0.419546180922395
1637581644#1694379811,1,1,0.559990680522912
2009723716#4435836422,0,1,0.8258249424897236
1877399023#11636622561,0,0,0.419546180922395
4529171947#4889965062,0,1,0.9585961081094649
2108699584#2117971399,0,0,0.419546180922395
4232666143#4226659635,0,0,0.419546180922395
4116715778#5210339793,0,1,0.6280793700657462
4659671054#4573019780,0,1,0.5575647509150331
1316070485#1443062561,0,0,0.419546180922395
474022190894#3512605559,0,1,0.559990680522912
2070627808#2065121798,0,1,0.6628854140845918
4283348799#4623324616,0,0,0.419546180922395
1611432328#2038238076,0,0,0.419546180922395
3240377870#2055298458,0,0,0.419546180922395
4316370583#31657249259,0,1,0.559990680522912
2009723716#1416693660,0,0,0.419546180922395
5079490375#4575043423,0,0,0.419546180922395
4144296423#4535937748,0,0,0.419546180922395
216572631693#1347277680,0,0,0.419546180922395
2065354050#283482842835,0,0,0.419546180922395
2296574953#4819851561,0,0,0.419546180922395
5185529426#2160958435,0,0,0.419546180922395
4674166292#4915878989,0,0,0.419546180922395
4316370583#4091776857,0,0,0.419546180922395
1416629632#3728591592,0,0,0.419546180922395
103649711605#3512605559,0,1,0.559990680522912
1372181647#1395111624,0,0,0.419546180922395
4641732096#29757516394,0,0,0.419546180922395
3551736332#2060056771,0,0,0.419546180922395
3903296442#4080777239,0,0,0.419546180922395
4226659635#4232471781,0,0,0.419546180922395
3995923367#4460813658,0,0,0.419546180922395
4867525539#2114326156,0,0,0.419546180922395
1391856996#1932250238,0,0,0.419546180922395
4070427569#4590537395,0,1,0.6280793700657462
2092174215#508313498462,0,1,0.559990680522912
6633440508#5034887015,0,0,0.419546180922395
2297005450#4636446230,0,0,0.419546180922395
4808983543#2133663760,0,0,0.419546180922395
2054817755#3050152494,0,0,0.419546180922395
48384062571#2050581826,0,0,0.419546180922395
1627738213#4732077225,0,0,0.419546180922395
3287136296#2183428945,0,0,0.419546180922395
4635899864#4301029959,0,0,0.419546180922395
226965211490#2058129925,0,0,0.419546180922395
23593454505#4705563490,0,0,0.419546180922395
1815809122#3256705889,0,0,0.419546180922395
298575330094#4256622048,0,0,0.419546180922395
5185529426#3633114696,0,0,0.419546180922395
4452424559#2063596827,0,1,0.7897511787548684
4272798975#2063596827,1,1,0.7897511787548684
1674286778#2301850248,0,0,0.419546180922395
3610178183#5034887015,0,0,0.419546180922395
5037293131#3964017834,0,1,0.6628854140845918
1438441441#3913210887,0,0,0.419546180922395
3484000884#379478718058,0,0,0.419546180922395
3995923367#2057657991,0,0,0.419546180922395
2113288221#3903296442,1,0,0.419546180922395
3279454241#4516329204,0,0,0.419546180922395
4030079241#4673640575,0,0,0.419546180922395
1648883631#3056865396,1,0,0.419546180922395
2118967459#3995923367,0,0,0.419546180922395
4933230830#31657249259,0,0,0.419546180922395
2057146445#4529171947,0,0,0.419546180922395
1533725661#3660138423,0,1,0.559990680522912
4062424365#4348498011,0,1,0.6280793700657462
4059739506#3287136295,0,0,0.419546180922395
1955032383#4316370583,0,1,0.559990680522912
3240377870#3967431642,0,0,0.419546180922395
1759205074#3230703164,0,0,0.419546180922395
4495044650#41965445982,0,0,0.419546180922395
4883419414#4653988894,0,1,0.559990680522912
2063941641#2063941870,0,0,0.419546180922395
1372606932#2416679645,0,0,0.419546180922395
1955032383#1774643505,0,1,0.559990680522912
4535937748#3311945752,0,0,0.419546180922395
4108691753#70569712258,0,0,0.419546180922395
1347277680#2488218738,0,0,0.419546180922395
4593095274#4572325313,0,1,0.559990680522912
4206245003#1372606932,0,0,0.419546180922395
1929467433#1320992610,0,0,0.419546180922395
4668248026#3766757690,0,0,0.419546180922395
4699490403#4915878989,0,0,0.419546180922395
4796107660#2044195515,0,0,0.419546180922395
4070366893#4643805223,0,0,0.419546180922395
2118967459#5183118904,0,0,0.419546180922395
4196030610#4219594127,0,0,0.419546180922395
303433622485#6633358861,0,0,0.419546180922395
356576030969#392281366488,0,0,0.419546180922395
1709836734#3711116048,0,0,0.419546180922395
5090005176#3628839716,0,0,0.419546180922395
48384062571#4657395496,0,0,0.419546180922395
3991972122#4206294979,1,0,0.419546180922395
1309241819#1309241821,0,0,0.419546180922395
1875566008#2071801820,1,1,1.0
4808983543#4720990748,1,0,0.419546180922395
4038622993#2098918003,0,0,0.419546180922395
18468022060#2061674343,0,0,0.419546180922395
28375457127#3287136302,0,0,0.419546180922395
109165560395#2070534468,0,0,0.419546180922395
2075611951#2050760324,0,0,0.419546180922395
3050152494#203654552716,0,0,0.419546180922395
1497880313#3887327251,0,0,0.419546180922395
3484000884#2101227068,0,0,0.419546180922395
2160958435#3582409643,0,0,0.419546180922395
4200743404#4200588492,1,0,0.419546180922395
156276506111#2061309885,0,0,0.419546180922395
2111351705#3903296434,0,0,0.419546180922395
4264534612#4132115994,0,0,0.419546180922395
3509258338#4057038032,0,0,0.419546180922395
4975664600#4780994423,1,1,0.6628854140845918
2057657991#4145496082,0,0,0.419546180922395
3578109143#3991972122,0,0,0.419546180922395
2067534525#1649349373,0,1,0.6280793700657462
29757516394#2058535644,0,0,0.419546180922395
187961304511#99206573417,0,0,0.419546180922395
3988152389#4792436579,0,0,0.419546180922395
2108699584#2119387186,0,0,0.419546180922395
3882168316#1711730143,0,0,0.419546180922395
3404236704#1485299018,0,1,1.0
4650641709#1372606932,0,0,0.419546180922395
1564005555#2085225572,1,0,0.0
1752749947#4015401444,0,0,0.419546180922395
5185245258#2055608440,0,0,0.419546180922395
4057038032#2043683805,0,0,0.419546180922395
1639157122#2062075977,0,0,0.419546180922395
117873856741#1712004928,0,0,0.419546180922395
4572510718#4573019780,1,1,0.5575647509150331
4176537188#2118967459,0,0,0.419546180922395
4080777239#69055886795,0,0,0.419546180922395
5034412454#4589820532,0,1,0.559990680522912
4277815885#373850277197,0,1,0.559990680522912
14586847312#3712801411,0,0,0.419546180922395
4824270160#1564005555,0,0,0.0
4755216808#1644134375,0,0,0.419546180922395
1627738213#3931049291,0,0,0.419546180922395
4744904703#3995923367,0,0,0.419546180922395
4145496082#3309721567,0,0,0.419546180922395
335230006871#4624517252,0,0,0.419546180922395
3926916973#3927031679,0,1,0.7897511787548684
49507593260#1453376890,0,0,0.419546180922395
5185245258#28375457127,0,0,0.419546180922395
245814065042#379478718058,0,0,0.419546180922395
2054724323#3883325282,1,1,0.6280793700657462
3986575237#3986761734,0,0,0.419546180922395
4758277966#4361071311,0,0,0.419546180922395
3712213597#1500223180,0,0,0.419546180922395
4623324616#3913210887,0,0,0.419546180922395
140581144985#142083821417,1,0,0.419546180922395
1303289685#4316370583,0,1,0.559990680522912
29608029868#5185245258,0,0,0.419546180922395
43182039587#2873066846,0,1,0.6280793700657462
4300806520#2113093450,0,0,0.419546180922395
4145044745#2304664037,0,1,0.559990680522912
4285651704#2123088534,0,0,0.419546180922395
1592252801#1416629632,0,0,0.419546180922395
2190429617#4277815885,0,0,0.419546180922395
2050883606#3240377870,0,0,0.419546180922395
3295629869#1955012315,0,0,0.419546180922395
145760114769#3202641160,0,0,0.419546180922395
3993041966#3862188518,0,0,0.419546180922395
4808180492#2062181997,0,0,0.419546180922395
1372537976#1541794055,0,0,0.419546180922395
2218261094#3287136303,0,0,0.419546180922395
3934516600#466235290974,0,0,0.419546180922395
379478718058#392281366488,0,0,0.419546180922395
3105105450#3930220886,1,0,0.419546180922395
3287805133#4720990747,0,0,0.419546180922395
200569781240#4145044745,0,0,0.419546180922395
4662125901#204767102724,0,0,0.419546180922395
4713666808#3870637640,0,0,0.419546180922395
4632894940#4348498011,1,1,0.6280793700657462
3429527333#2183968048,0,0,0.419546180922395
226965211490#99206573417,0,0,0.419546180922395
4091776857#4070758202,1,0,0.419546180922395
1995007743#4145496082,0,0,0.419546180922395
4455655369#1785334661,0,0,0.419546180922395
1715361146#2026312944,0,1,0.559990680522912
4057038032#2063596099,0,0,0.419546180922395
14613455658#152713369272,1,0,0.419546180922395
3962069458#1760226057,0,0,0.419546180922395
4206008942#4145771589,0,0,0.419546180922395
4082182753#5124643800,0,0,0.419546180922395
4632894940#3072564418,0,0,0.419546180922395
2073951091#4144296423,0,1,0.6628854140845918
2061244620#1431887069,0,0,0.419546180922395
14613451516#14613455658,0,0,0.419546180922395
2071801820#5083069896,0,0,0.419546180922395
5169209205#3633114696,0,0,0.419546180922395
2057146445#1592253963,1,0,0.419546180922395
3602711494#3967431642,0,0,0.419546180922395
2058531416#2118967459,0,0,0.419546180922395
2010425525#3576237842,0,1,0.559990680522912
5197250019#3825974020,0,1,0.7937109671166276
4272953638#4203062441,0,0,0.419546180922395
3702571839#3077307902,0,0,0.419546180922395
2075302660#3451234547,0,0,0.419546180922395
5206675985#4730947102,0,0,0.419546180922395
2059786009#2073951091,0,0,0.419546180922395
4790633062#156276506111,0,0,0.419546180922395
2488218738#4632894940,0,0,0.419546180922395
4717435092#1611432328,0,0,0.419546180922395
1833924490#3287136295,0,0,0.419546180922395
1627677359#474022190894,0,0,0.419546180922395
4792436579#4206245003,0,0,0.419546180922395
1709836734#443982000626,0,0,0.419546180922395
2183963548#4623955861,0,0,0.419546180922395
4506637171#2079580923,0,0,0.419546180922395
145760114769#5205408909,0,1,0.559990680522912
4650344731#4824270160,1,1,1.0
4384418878#4612302183,0,0,0.419546180922395
4158960527#2114326156,0,0,0.419546180922395
3289002540#4065795437,0,0,0.419546180922395
4384418878#2133663760,0,0,0.419546180922395
5022076775#4780994423,0,0,0.419546180922395
4082003885#2115662086,0,0,0.419546180922395
54160155723#2061946625,0,0,0.419546180922395
199104051031#3114734058,0,0,0.419546180922395
102514982310#114453608394,1,0,0.419546180922395
2296574953#2056478070,0,0,0.419546180922395
2159739481#4327730515,0,0,0.419546180922395
3903296442#2111350136,0,0,0.419546180922395
249652232743#4498422001,0,0,0.419546180922395
4226659634#2012448159,0,0,0.419546180922395
4895194761#2057706385,0,0,0.419546180922395
2114716134#2111349786,0,0,0.419546180922395
4895194761#199104051031,0,0,0.419546180922395
97875580425#3404236704,0,0,0.419546180922395
4185358309#90189178714,0,0,0.419546180922395
369955904629#335140370164,0,0,0.419546180922395
141703162569#187961304511,1,0,0.419546180922395
69055886795#87008148161,0,0,0.419546180922395
1479236028#1479606018,1,0,0.419546180922395
3477028783#3926916973,0,0,0.419546180922395
49507593260#1711703532,0,1,0.6280793700657462
3489875333#1316741419,0,0,0.419546180922395
4455655369#3988152389,0,0,0.419546180922395
4082182753#4702376819,0,0,0.419546180922395
68727484174#140581144985,0,0,0.419546180922395
3487828519#3927439605,0,0,0.419546180922395
1533725661#1349608070,0,0,0.419546180922395
4117072069#2416679645,0,0,0.419546180922395
3641396498#407898948323,0,0,0.419546180922395
1875566008#2114279054,0,0,0.419546180922395
41965445982#4226781300,0,0,0.419546180922395
4226659635#2037536844,0,0,0.419546180922395
4720990752#3798986721,0,0,0.419546180922395
4451089335#2058494409,0,0,0.419546180922395
69055007639#2057352941,0,0,0.419546180922395
4819851561#4196027218,0,0,0.419546180922395
2061946625#4813716345,1,1,0.559990680522912
3791609567#4469025400,0,0,0.419546180922395
4145771589#3582409643,0,0,0.419546180922395
4212792387#4782028642,0,0,0.419546180922395
4824270160#1715361146,0,1,0.7897511787548684
3766757690#1485301223,0,0,0.419546180922395
1500223180#3717616592,0,0,0.419546180922395
3628839717#3451234547,0,0,0.419546180922395
1309241821#4593095274,0,0,0.419546180922395
4150903702#3927439605,0,0,0.419546180922395
2118967459#1415580742,0,0,0.419546180922395
4030079241#1320992610,0,0,0.419546180922395
2114708220#4057038032,0,0,0.419546180922395
3870637640#2009659663,0,0,0.419546180922395
4786537439#1965402836,0,0,0.419546180922395
4070427569#3986761734,0,0,0.419546180922395
102180093107#102514982310,0,0,0.419546180922395
4720990747#4657354311,0,0,0.419546180922395
4579061300#4674166292,0,0,0.419546180922395
4301048457#1718702641,0,0,0.419546180922395
3043166693#4384418878,0,0,0.419546180922395
3747287828#2059840221,0,0,0.419546180922395
2101227068#3825974020,0,1,0.7937109671166276
5185529458#3735183725,0,0,0.419546180922395
4065734118#1694365644,0,0,0.419546180922395
2057660030#5185529426,0,0,0.419546180922395
1431930648#4117072069,0,0,0.419546180922395
4254960496#3850067472,1,1,0.6280793700657462
2114716134#2359572372,0,0,0.419546180922395
3474685536#3451234547,0,0,0.419546180922395
1649349373#3053549924,0,1,0.6280793700657462
4657395496#1693960182,0,0,0.419546180922395
69055886795#3712801411,0,0,0.419546180922395
3798986721#1541794055,0,0,0.419546180922395
3475895224#1391856996,0,0,0.419546180922395
4373986045#3747287828,0,0,0.419546180922395
8431808974#1639330963,1,0,0.419546180922395
3045169703#3053961277,0,0,0.419546180922395
4332430141#2063941871,0,0,0.419546180922395
14613451516#3986761734,0,0,0.419546180922395
1541794055#4506637171,0,0,0.419546180922395
2058494409#1523991651,0,0,0.419546180922395
3256705889#3913210887,0,0,0.419546180922395
3628839722#3628839717,0,0,0.419546180922395
29608029868#4643938191,0,0,0.419546180922395
2056513884#1592253963,0,0,0.419546180922395
2058407169#2059840221,1,0,0.419546180922395
4057038032#211675776290,0,0,0.419546180922395
2114708220#4176537188,0,0,0.419546180922395
4272798975#4809064482,0,0,0.419546180922395
68727484174#4792436579,0,0,0.419546180922395
8431808974#2057536594,0,0,0.419546180922395
37132781634#5122767609,0,0,0.419546180922395
63975298498#1479236025,0,0,0.419546180922395
2069945983#1416301524,0,1,0.6881760335960431
433432593358#200792633059,0,0,0.419546180922395
2054817755#2061673563,0,0,0.419546180922395
3043391308#1718702641,1,0,0.419546180922395
102514982310#165376540325,0,0,0.419546180922395
10183965715#1523991651,0,0,0.419546180922395
156275809937#29103099346,0,0,0.419546180922395
3551736332#3735183725,0,0,0.419546180922395
4808240616#4808238795,0,1,0.6280793700657462
4145044745#4165151066,1,1,0.559990680522912
1639330963#3487828531,0,0,0.419546180922395
3256705889#2061309885,0,0,0.419546180922395
1965402836#20439984991,0,1,0.559990680522912
4256622048#4256725997,0,0,0.419546180922395
2009659663#2120460585,0,0,0.419546180922395
167570408533#4807598946,0,0,0.419546180922395
4070758202#1365425184,0,0,0.419546180922395
1932250238#142083821417,0,0,0.419546180922395
2359435242#1453527936,0,0,0.419546180922395
4157779501#5022076775,0,0,0.419546180922395
3046447657#2277829162,0,0,0.419546180922395
187961304511#226965211490,0,0,0.419546180922395
96073549554#3964017834,0,0,0.419546180922395
4455655369#4451089335,0,0,0.419546180922395
3779069464#4059739506,0,1,0.6280793700657462
1415580742#4274088675,0,0,0.419546180922395
3267338675#4623972834,0,0,0.419546180922395
4091776857#3240377870,0,0,0.419546180922395
3633082639#3926967278,0,0,0.419546180922395
4218561827#4375212253,0,0,0.419546180922395
3295629869#2654931017,1,0,0.419546180922395
5185245258#2297005450,0,0,0.419546180922395
3077766580#1316070485,0,0,0.419546180922395
1785937268#1760226057,0,0,0.419546180922395
4574521416#4469025400,0,0,0.419546180922395
1593907976#3475895224,0,0,0.419546180922395
4612302183#5068270943,0,0,0.419546180922395
4720990747#2073951091,0,1,0.6628854140845918
3289002540#4264634558,0,0,0.419546180922395
3578109145#3578109143,0,0,0.419546180922395
3993258388#4717447489,0,0,0.419546180922395
2088439298#3477028783,0,0,0.419546180922395
4702376819#4699490403,0,0,0.419546180922395
3072525687#2067534525,0,0,0.419546180922395
2075899540#4479393573,0,1,0.5962414170018269
4797165759#3641396498,0,1,0.559990680522912
1573188123#2028648293,0,0,0.419546180922395
1564005555#4081158129,0,0,0.419546180922395
5031422175#1372181647,0,0,0.419546180922395
2058881485#3072525687,0,0,0.419546180922395
3993258388#4732077225,0,0,0.419546180922395
2057202369#1431930648,0,0,0.419546180922395
4699490403#5169209205,0,0,0.419546180922395
2063941870#2063941871,0,0,0.4719447371241417
4938744224#19200751877,0,0,0.419546180922395
2010425525#41965445982,0,0,0.419546180922395
4643805223#210012116583,0,0,0.419546180922395
298575330094#90189178714,0,0,0.419546180922395
4273519745#3786142129,0,0,0.419546180922395
2297009298#5037293131,0,0,0.419546180922395
3578109143#4200743404,0,0,0.419546180922395
2181531828#245814065042,0,0,0.419546180922395
3641396498#2111349786,0,0,0.419546180922395
3870637640#4345845643,0,0,0.419546180922395
3551736332#4893087221,0,0,0.419546180922395
4763332016#4579061300,1,0,0.419546180922395
1785334661#4082182753,0,0,0.419546180922395
5034887015#18466522141,0,0,0.419546180922395
54160155723#4786537439,0,1,0.6280793700657462
117873856741#124657516337,1,0,0.419546180922395
1365425184#1648883631,0,0,0.419546180922395
2140707372#4206245003,0,0,0.419546180922395
4226659635#199104051031,0,0,0.419546180922395
2057186115#2057186168,0,0,0.419546180922395
2118041596#1694379811,0,0,0.419546180922395
4910574353#90189177932,0,0,0.419546180922395
18465755385#2111351705,0,0,0.419546180922395
3629081901#150594502346,0,0,0.419546180922395
5196417840#3043166693,0,0,0.419546180922395
3287136296#3212722992,0,0,0.419546180922395
1637581644#2026312944,0,1,0.559990680522912
4667335909#4668248026,0,0,0.419546180922395
4345845643#203654552716,0,0,0.419546180922395
2058881485#1774818684,0,0,0.419546180922395
3475895224#1410173485,0,0,0.419546180922395
2416679645#4817865335,1,0,0.419546180922395
3551393130#3451234547,0,0,0.419546180922395
4448830722#4645346456,0,0,0.419546180922395
1627738213#2065354050,1,0,0.419546180922395
2009659663#43182039587,0,0,0.419546180922395
3797472002#2057485751,0,0,0.419546180922395
4575043423#3612961288,0,0,0.419546180922395
2071801820#9043448493,0,0,0.419546180922395
4117072069#4200588492,0,0,0.419546180922395
4415227218#4345845643,1,0,0.419546180922395
2114326156#2121155353,0,0,0.419546180922395
4354201228#5022076775,0,1,0.559990680522912
450892236156#4256725997,0,0,0.419546180922395
2111616240#3033453452,0,0,0.419546180922395
1384518673#1760226057,0,0,0.419546180922395
2007329562#1965402836,0,0,0.419546180922395
4746787193#2062122607,0,0,0.419546180922395
2012443116#4589820532,0,0,0.419546180922395
90189177932#5205797148,0,0,0.419546180922395
4176537188#4111311078,1,0,0.419546180922395
4491307779#1314231362,0,0,0.419546180922395
156276601653#249652232743,0,0,0.419546180922395
2111226139#4274088675,0,0,0.419546180922395
4674166292#4910574353,0,0,0.419546180922395
2977766885#4038622993,0,0,0.419546180922395
4206008942#226460833239,0,0,0.419546180922395
1872011272#2615156599,0,0,0.419546180922395
2117971399#1712004928,0,0,0.419546180922395
1500223180#1872011272,0,0,0.419546180922395
4165283827#2050429391,0,1,0.6628854140845918
90189178714#69054998391,0,1,0.6628854140845918
1952051609#3477269989,0,0,0.419546180922395
3714314534#4674140626,1,0,0.419546180922395
489466582552#3946584694,0,1,0.6280793700657462
200792633059#156276601653,0,0,0.419546180922395
4451089335#4130010417,0,0,0.419546180922395
14613476507#2071801820,0,0,0.419546180922395
4746787192#4746833490,1,0,0.419546180922395
5022076775#4277815885,0,1,0.559990680522912
3053549924#4460920026,0,0,0.419546180922395
2060056771#2054815601,0,0,0.419546180922395
96073549554#4219594127,0,1,0.7897511787548684
2120460585#2066977172,0,0,0.419546180922395
3475895224#2010425525,0,1,0.559990680522912
2267710728#91686025987,0,0,0.419546180922395
1785334661#1955030813,0,1,0.559990680522912
3477269984#3578109143,0,0,0.419546180922395
2010425525#2079580923,0,0,0.419546180922395
152713369272#4196030610,0,0,0.419546180922395
1438255025#4623978044,0,1,0.6881760335960431
2120460585#3798986721,0,0,0.419546180922395
1314231362#3946584694,0,0,0.419546180922395
3489875333#1760226057,0,0,0.419546180922395
4667335909#3766757690,0,0,0.419546180922395
1649349373#3633529401,0,0,0.419546180922395
3477028783#5102675634,0,0,0.419546180922395
72124210175#379478718058,0,0,0.419546180922395
4590537395#5185529426,0,0,0.419546180922395
3077307902#2055988859,0,0,0.419546180922395
4900256072#4749417182,0,1,0.9585961081094649
2075393157#3370936702,0,1,0.559990680522912
4196027218#1590545992,0,0,0.419546180922395
4516329204#1648883631,0,0,0.419546180922395
1564005555#4650344731,0,0,0.0
1497880313#81732347381,0,0,0.419546180922395
4185963090#3551393130,0,0,0.419546180922395
2092174215#4876527314,0,0,0.419546180922395
190662008501#4316370583,0,1,0.559990680522912
2062122607#5169209205,0,0,0.419546180922395
10183965715#1759205074,0,0,0.419546180922395
138962728028#3967431642,0,0,0.419546180922395
2069380321#3458092809,0,0,0.419546180922395
2114716134#3903296434,1,1,0.6628854140845918
8609591019#5185529458,0,0,0.419546180922395
3797472002#3997209484,0,0,0.419546180922395
3442901956#2114326156,0,0,0.419546180922395
4730947102#3626237468,0,0,0.419546180922395
2224193149#4895194761,0,0,0.419546180922395
97378085541#3636206032,0,0,0.419546180922395
4657320935#2063596827,0,0,0.419546180922395
3797472002#1818747488,0,0,0.419546180922395
3052180518#4197957154,0,1,0.6280793700657462
3708028912#3707618845,0,0,0.419546180922395
3931049291#1389018108,0,0,0.419546180922395
2111616240#4697566414,0,0,0.419546180922395
4933360994#4176537188,0,0,0.419546180922395
2055298458#3927031679,0,0,0.419546180922395
4145044745#2016866277,0,1,0.559990680522912
4226659635#4256622048,1,0,0.419546180922395
1309241821#2054724323,0,0,0.419546180922395
298575330094#4786537439,0,0,0.419546180922395
2977432095#29757516394,0,0,0.419546180922395
4780994423#1644134375,0,0,0.419546180922395
3435281641#1438441441,0,0,0.419546180922395
1485301223#1391856996,0,0,0.419546180922395
145760114769#3475895224,0,1,0.559990680522912
4301048457#4944832122,0,0,0.419546180922395
2133358535#2176735919,0,1,0.559990680522912
4910574353#3475895224,0,0,0.419546180922395
3287136303#4813716345,0,0,0.419546180922395
192584035425#2050429391,0,0,0.419546180922395
4226659635#4231111906,0,0,0.419546180922395
4623978044#3931049291,0,0,0.419546180922395
69054982841#69054998391,0,1,0.6628854140845918
4165283827#4219594127,0,1,0.6628854140845918
4657354311#4256622048,0,0,0.419546180922395
3041186060#3477269989,0,0,0.419546180922395
2176735919#2054666779,0,1,0.559990680522912
19200751877#1650171815,0,1,0.5962414170018269
2112308267#4819851561,0,0,0.4719447371241417
356576030969#3475895224,0,0,0.419546180922395
4185358309#3927031679,0,1,0.559990680522912
1711995496#2146119221,1,0,0.419546180922395
3986575237#3287633018,0,0,0.419546180922395
2061946625#4959266141,0,0,0.419546180922395
1391856996#2118416856,0,0,0.419546180922395
2146061466#1438255025,0,0,0.419546180922395
4165151066#5102675634,0,0,0.419546180922395
1479236028#25271558033,0,0,0.419546180922395
2010425525#4590123310,0,1,0.559990680522912
2056513884#4291077418,0,0,0.419546180922395
2190429617#1815633130,0,0,0.419546180922395
200792633059#4674166292,0,0,0.419546180922395
283482842835#4777455284,0,0,0.419546180922395
2140707372#4041026262,0,0,0.419546180922395
3501281334#3053961277,0,0,0.419546180922395
3487828519#1639330963,0,1,0.6628854140845918
2121155353#4573019780,0,0,0.419546180922395
1372606932#4491307779,0,1,0.5575647509150331
1718702641#4735364801,0,0,0.419546180922395
3400442486#4132115994,0,1,0.6280793700657462
69054982841#68727484174,0,1,0.6628854140845918
4212792387#2057202352,0,0,0.419546180922395
18465765293#69055007639,0,1,0.6628854140845918
1639219119#2296522678,0,0,0.419546180922395
2065121798#2068611560,0,1,0.6628854140845918
156276601478#14613455236,0,0,0.419546180922395
3728594582#4001709701,0,0,0.419546180922395
2114708220#2043683805,1,0,0.419546180922395
3564326181#5095491561,0,0,0.419546180922395
2488218738#1859050383,0,0,0.419546180922395
4893087221#2079580923,0,0,0.419546180922395
2671772709#2058531416,0,0,0.419546180922395
1479236027#1479236025,0,0,0.419546180922395
2061309885#4777455284,0,0,0.419546180922395
412740201285#580549064505,0,0,0.419546180922395
2306327656#4452424559,0,1,0.7897511787548684
4840518949#2116078007,0,1,0.559990680522912
2055988859#4657395496,0,0,0.419546180922395
3292344806#4575249992,0,0,0.419546180922395
4291077418#3287805133,0,0,0.419546180922395
2128656141#4420971756,0,0,0.419546180922395
1303289685#4218561827,0,0,0.419546180922395
1815809122#5132524109,0,0,0.419546180922395
156276601653#335140370164,0,0,0.419546180922395
5090005101#3033453452,0,0,0.419546180922395
124657516337#4746833490,0,0,0.419546180922395
1785937268#1316741419,0,0,0.419546180922395
4693830154#1349608070,0,0,0.419546180922395
1320992607#3573596891,0,0,0.419546180922395
4218561827#4898730811,0,0,0.419546180922395
373850276629#3230703164,0,1,0.559990680522912
3114734058#3964017834,0,0,0.419546180922395
433432593358#466235290974,1,0,0.419546180922395
4808983543#156276506111,0,0,0.419546180922395
283482842835#1978617477,0,0,0.419546180922395
2069078384#4824270160,0,0,0.419546180922395
4479393573#2054817755,0,0,0.419546180922395
2088439298#2117971399,1,0,0.419546180922395
2416679645#10605371390,0,0,0.419546180922395
1774643505#4585413933,0,1,0.559990680522912
1633806208#4895194761,0,0,0.419546180922395
4667944802#1978617477,0,0,0.419546180922395
1815633130#4301048457,1,0,0.419546180922395
1410173485#3045169703,0,0,0.419546180922395
2306327656#109165560395,0,0,0.419546180922395
1639157122#18465839155,0,0,0.419546180922395
1552178606#2050760324,0,0,0.419546180922395
4081158129#3043166693,0,0,0.419546180922395
2115662086#3324213074,0,0,0.419546180922395
3845908374#3438857896,0,0,0.419546180922395
3578109143#293198128708,0,0,0.419546180922395
496613160423#1639219119,0,0,0.419546180922395
1693960182#1431887069,0,0,0.419546180922395
4327730515#3602711494,0,0,0.419546180922395
2146061466#3887327251,0,1,0.6628854140845918
65277266246#4965685047,1,1,1.0
4255048934#2054734151,0,0,0.419546180922395
1319336886#4874906617,0,0,0.419546180922395
1533725661#3882026745,0,1,0.559990680522912
2304664037#2119493181,0,1,0.559990680522912
10183965715#335230005323,0,0,0.419546180922395
156276601478#90189177932,0,0,0.419546180922395
3935134734#4452424559,0,0,0.419546180922395
1929601246#3077766580,0,0,0.419546180922395
4575043423#4777455284,0,0,0.419546180922395
3797472002#4469025400,0,0,0.419546180922395
4070366893#18465851371,0,0,0.419546180922395
2056513884#2061309885,1,0,0.419546180922395
1453527936#2056927656,0,1,0.6280793700657462
3946584694#1649349373,0,1,0.6280793700657462
1733350200#2054666779,0,0,0.419546180922395
4283348799#204767102724,0,0,0.419546180922395
4435802207#4623978044,0,1,0.7897511787548684
4855494603#2224193149,0,0,0.419546180922395
3290843988#4236870644,0,0,0.419546180922395
487072504294#4808983543,0,0,0.419546180922395
2111320607#2114708220,0,0,0.419546180922395
5090005101#3707618845,0,0,0.419546180922395
4057297840#2114326156,0,0,0.419546180922395
38406123057#3400442486,0,0,0.419546180922395
2060056771#2028648293,0,0,0.419546180922395
433432593358#580549064505,0,0,0.419546180922395
211675776290#226965211490,0,0,0.419546180922395
303433622485#1541915947,0,0,0.419546180922395
2114716134#3072564418,0,0,0.419546180922395
4015401444#4272953638,0,0,0.419546180922395
4231111906#4657354311,1,0,0.419546180922395
3711116048#3747287828,0,0,0.419546180922395
38406123057#29299331674,0,0,0.419546180922395
1639436942#4636446230,0,0,0.419546180922395
4057038032#4212827921,0,0,0.419546180922395
140581144985#3082042195,0,0,0.419546180922395
4254960496#335230005323,0,0,0.419546180922395
18465851371#2117967628,0,0,0.419546180922395
3033453452#106190147487,0,0,0.419546180922395
3400442486#3435281641,0,1,0.6280793700657462
20439984991#4162055411,0,0,0.419546180922395
1639219119#4062424365,0,1,0.6280793700657462
29299331674#5185245258,0,0,0.419546180922395
1774643505#3641396498,0,0,0.11186596354537809
4062424365#2048870562,0,1,0.6280793700657462
102180093107#369955897964,0,0,0.419546180922395
2007329552#2359572372,0,0,0.419546180922395
4746787193#2169788953,0,0,0.419546180922395
14613588147#4435836422,0,0,0.419546180922395
433432593358#3578109143,0,0,0.419546180922395
4573019780#87008148161,0,0,0.419546180922395
2055988859#13389301105,0,1,0.559990680522912
3850067472#3517506225,0,1,0.6280793700657462
2111226139#4111311078,0,0,0.419546180922395
10183965715#2027684481,0,0,0.419546180922395
2048870562#3930220886,0,1,0.6280793700657462
4933360994#91686025987,0,0,0.419546180922395
4824270160#2057146445,0,0,0.419546180922395
3995882585#4283348799,0,0,0.419546180922395
3945392968#4259867589,1,0,0.419546180922395
285571185833#1955012315,0,0,0.419546180922395
3988152389#4197957154,0,0,0.419546180922395
2055492411#356576030969,0,0,0.419546180922395
2088439298#4158960527,0,0,0.419546180922395
1685036582#1307862087,0,0,0.419546180922395
4643805223#2065121798,0,0,0.419546180922395
2067534525#4877012874,0,1,0.559990680522912
3287805133#4065795437,0,0,0.419546180922395
2028648293#4157779501,0,0,0.419546180922395
4495044650#2085225572,0,0,0.419546180922395
4959793179#1552178606,0,0,0.419546180922395
5090005176#150594495671,0,0,0.419546180922395
141703162569#3550979323,0,0,0.419546180922395
65277266246#2277829162,0,0,0.419546180922395
3573596891#1627738213,0,0,0.419546180922395
4697566414#3075632210,0,0,0.419546180922395
4726069349#4361071311,0,0,0.419546180922395
1372606932#145760114769,0,1,0.6881760335960431
4732077225#4283750934,0,0,0.419546180922395
3845908374#3629081901,0,1,0.6628854140845918
8609591019#3487828519,0,1,0.6628854140845918
1965402836#5079490375,0,0,0.419546180922395
2183963548#2026258516,0,1,0.559990680522912
2070534468#3287136296,0,0,0.419546180922395
2120525705#2058881485,0,0,0.419546180922395
3915411982#3633760178,0,0,0.419546180922395
4808240616#135707428689,0,0,0.419546180922395
2069078384#3077905761,1,1,0.6280793700657462
4070427569#3578109143,0,0,0.419546180922395
5956875678#3831306913,0,1,0.7897511787548684
99206573417#4744904703,0,0,0.419546180922395
335230005323#335230006871,0,0,0.419546180922395
2059840221#2160958435,0,0,0.419546180922395
2359572372#4206244931,0,0,0.419546180922395
4643938191#1639436942,0,0,0.419546180922395
4606763895#4212792387,0,0,0.419546180922395
2057660030#2028165651,1,0,0.419546180922395
1777473801#2057273513,0,0,0.419546180922395
3400442486#1573188123,0,0,0.419546180922395
142083821417#4876527314,0,0,0.419546180922395
4301048457#2063596099,0,0,0.419546180922395
3946584694#1309241819,0,0,0.419546180922395
62533690929#49857216438,0,1,0.559990680522912
335140370164#3708028912,0,0,0.419546180922395
4460920026#1438441441,0,0,0.419546180922395
5122767609#4165283827,0,0,0.419546180922395
2113288221#2088439298,0,0,0.419546180922395
1552178606#72124210175,0,1,0.6881760335960431
3628839717#3628839716,0,0,0.419546180922395
1848719127#3946584694,0,0,0.419546180922395
549708986379#1718702641,0,0,0.419546180922395
1955032383#4874906617,0,1,0.559990680522912
191333072438#1395111624,0,0,0.419546180922395
4713666808#2306327656,0,0,0.419546180922395
3612961288#1305945791,0,0,0.419546180922395
1833924490#14586847312,0,1,0.6280793700657462
1438441441#3053549924,0,0,0.419546180922395
4693830154#3988152389,0,0,0.419546180922395
4657395496#18465839155,0,0,0.419546180922395
29299331674#4643938191,0,0,0.419546180922395
4460827792#1952051609,0,0,0.419546180922395
2101227068#3279454241,0,0,0.419546180922395
18465851371#1639330963,0,0,0.419546180922395
291245346593#4877012874,0,0,0.419546180922395
141703162569#226965211490,0,0,0.419546180922395
2359113449#2026258516,0,0,0.419546180922395
3931049291#2671772709,0,0,0.419546180922395
2306327656#2054724323,0,0,0.419546180922395
2061244620#4199527734,0,0,0.419546180922395
3287136303#2026258516,0,0,0.419546180922395
2007329562#1776613381,1,1,0.6280793700657462
2977766885#3279454241,0,0,0.419546180922395
3578109145#3474685536,0,0,0.419546180922395
3033447588#4603465738,0,0,0.419546180922395
3043391308#4944832122,0,0,0.419546180922395
4975664600#4523609337,0,0,0.419546180922395
5196417840#4632894940,0,0,0.419546180922395
5034887015#5090005101,0,0,0.419546180922395
2119387186#4373986045,0,0,0.419546180922395
9043448493#4108691753,0,0,0.419546180922395
1416301524#1785937268,0,0,0.419546180922395
2133663760#4272953638,0,0,0.419546180922395
3920807098#2055988859,0,0,0.419546180922395
4301048457#4205391929,0,0,0.419546180922395
2115662086#3633529401,0,0,0.419546180922395
1512838165#4699490403,0,0,0.419546180922395
102904734113#200792633059,0,0,0.419546180922395
3429527333#4898730811,0,0,0.419546180922395
1639330963#2297009298,0,0,0.419546180922395
418215123949#226460833239,0,0,0.419546180922395
2140707372#1958431796,1,1,0.9510385725219812
14613451516#54158063899,0,0,0.419546180922395
4809064482#1541915947,0,0,0.419546180922395
63975298498#4874906617,0,0,0.419546180922395
4145044745#2054817755,0,0,0.419546180922395
211675776290#3364587358,0,0,0.419546180922395
4705563490#4200743404,0,0,0.419546180922395
63573545398#62533690929,0,0,0.419546180922395
2067590404#4196027218,0,0,0.419546180922395
1650171815#2224193149,0,0,0.419546180922395
3512605559#138649305625,0,1,0.559990680522912
117729109245#4196030610,0,0,0.419546180922395
1303289685#1955032383,0,1,0.559990680522912
3290843988#4091678032,0,0,0.419546180922395
4809064482#5185529458,0,0,0.419546180922395
3484000884#106190147487,1,0,0.419546180922395
1627738213#2119387186,0,0,0.419546180922395
1552178606#2069945983,0,1,0.6881760335960431
2063837093#2615156599,0,0,0.419546180922395
4205391929#3114734058,1,0,0.419546180922395
4283786658#4283750934,0,0,0.419546180922395
2027684481#2026312944,0,1,0.559990680522912
156276601653#4796107660,0,0,0.419546180922395
2159739481#3114734058,0,0,0.419546180922395
2169788953#4746787192,0,0,0.419546180922395
2056513884#4867751970,0,0,0.419546180922395
66891007246#4702376819,0,0,0.419546180922395
3230703164#2873066846,0,1,0.6280793700657462
8431808974#8431809214,0,0,0.419546180922395
18465765293#4720990752,0,1,0.6280793700657462
5034412454#4867751970,0,0,0.419546180922395
8609591019#4291077418,0,0,0.419546180922395
1593907976#3202641160,0,0,0.419546180922395
2016866277#1470085027,0,0,0.419546180922395
2066977172#2050581826,1,0,0.419546180922395
2070030589#3033453452,0,0,0.419546180922395
4427940311#4450968363,1,0,0.419546180922395
75959618233#2073951091,1,0,0.419546180922395
4116715778#3287136295,0,0,0.419546180922395
2069380321#2118041596,1,0,0.419546180922395
3927040910#3927031679,0,1,0.559990680522912
4876527314#5183692300,0,0,0.419546180922395
3862188518#2101227068,0,0,0.419546180922395
2067534525#1952051609,0,0,0.419546180922395
1752749947#4699490403,0,0,0.419546180922395
1773082332#1785937268,0,0,0.419546180922395
1592252801#4782028642,0,0,0.419546180922395
4746833490#2123088534,0,0,0.419546180922395
4893087221#3475895224,1,1,0.559990680522912
3903296434#2111349786,0,0,0.419546180922395
2055298458#2057186115,1,0,0.419546180922395
2056478070#2297009298,0,0,0.419546180922395
4111406344#1627738213,0,0,0.419546180922395
14613476507#5185529458,0,1,0.7897511787548684
2075611951#4460827792,0,0,0.419546180922395
10605371390#3564326181,0,0,0.419546180922395
2169788953#10605371390,0,0,0.419546180922395
1694365644#1517548862,0,0,0.419546180922395
1701535671#3409249156,0,0,0.419546180922395
3474685536#3072527640,0,0,0.419546180922395
4813716345#63975298498,0,0,0.419546180922395
4966778011#65277266246,0,1,0.5962414170018269
62533690929#2061309885,0,0,0.419546180922395
5022076775#2059397275,0,1,0.559990680522912
19200751877#3204907291,0,0,0.419546180922395
3559141878#3463623936,0,0,0.419546180922395
3550979323#14613588147,1,0,0.419546180922395
1372537976#1395111624,1,0,0.419546180922395
2114716134#4479393573,0,0,0.419546180922395
2069380321#2054734151,0,0,0.419546180922395
1485301223#4070427569,0,0,0.419546180922395
3477028783#3846933347,0,0,0.419546180922395
4145044745#2119493181,0,1,0.559990680522912
4808983543#4790633062,0,0,0.419546180922395
2062075977#2977432095,0,0,0.419546180922395
4435836422#14613460476,0,0,0.419546180922395
4015401444#4354201228,0,0,0.419546180922395
2073951091#4944832122,0,0,0.419546180922395
1438255025#2297009298,0,1,0.6280793700657462
3735183725#6633358861,0,0,0.419546180922395
1431887069#1431930648,0,0,0.419546180922395
211675776290#216572631693,0,0,0.419546180922395
4448830722#4455655369,1,1,0.6628854140845918
2075393157#4585413933,0,1,0.559990680522912
4070427569#1410206420,0,0,0.419546180922395
4552735561#4575249992,1,0,0.419546180922395
1431930648#4572510718,0,0,0.419546180922395
4831154380#2058129925,1,0,0.419546180922395
3986761734#97378085541,0,0,0.419546180922395
2016866277#2176735919,1,1,0.559990680522912
2057120532#3927031679,1,0,0.419546180922395
2007329552#4851639047,0,0,0.419546180922395
1453527936#3052180518,1,1,0.6280793700657462
5090005176#212394033260,0,0,0.419546180922395
4635899864#2297005450,0,0,0.419546180922395
1627738213#3962069458,0,0,0.419546180922395
2297009298#2070627808,0,1,0.6280793700657462
2012448159#3993258388,1,0,0.419546180922395
1465579387#4720990752,0,0,0.419546180922395
9043448493#4162055411,0,0,0.419546180922395
4283348799#4041026262,0,0,0.419546180922395
4082182753#4448830722,0,0,0.419546180922395
3267338675#1309241821,0,0,0.419546180922395
1955012315#3033447588,0,0,0.419546180922395
4623324616#2050429391,0,0,0.419546180922395
102514982310#4256622048,0,0,0.419546180922395
14613455658#14613455236,0,0,0.419546180922395
3240377870#3986761734,0,0,0.419546180922395
72124210175#3945392968,0,0,0.419546180922395
3714314534#4749417182,0,0,0.419546180922395
1312745457#1307862087,0,0,0.419546180922395
4717447489#4746787193,0,0,0.419546180922395
4354201228#2085225572,0,0,0.419546180922395
3304467506#5205408909,0,0,0.419546180922395
54160155723#1760226057,0,0,0.419546180922395
2062181997#5122809038,1,0,0.419546180922395
1833924490#3287136303,0,0,0.419546180922395
65277266246#4965682215,0,0,0.419546180922395
1372178479#2277829162,0,0,0.419546180922395
117154450703#1592253963,0,0,0.419546180922395
2133663760#3717616592,0,0,0.419546180922395
4777455284#5079490375,0,0,0.419546180922395
4797165759#2114326156,0,0,0.419546180922395
5034412454#474022190894,0,1,0.559990680522912
4212792387#1693960182,0,0,0.419546180922395
18465851371#18465839155,0,0,0.419546180922395
2059397275#1533725661,0,1,0.559990680522912
4256725997#4657354311,0,0,0.419546180922395
4693830154#4717435092,0,0,0.419546180922395
3053549924#4746833482,0,0,0.419546180922395
4915878989#2009659663,0,0,0.419546180922395
3267338675#1319336886,0,0,0.419546180922395
43182039587#5210339793,0,1,0.6280793700657462
3946584694#4145496082,0,1,0.6280793700657462
2139604103#1965402836,0,1,0.559990680522912
2061673563#335230005323,0,0,0.419546180922395
2057146445#2057202369,0,0,0.419546180922395
3489875333#1759667553,0,1,1.0
1479236023#1479236025,0,1,0.6280793700657462
2139604103#2075899540,1,1,0.5962414170018269
8431809214#3105105450,0,0,0.419546180922395
4720990748#2056961978,0,1,0.6280793700657462
31657249259#2058407169,0,0,0.419546180922395
3578109145#124657516337,0,0,0.419546180922395
356576030969#5022076775,0,0,0.419546180922395
2028648293#1372181647,0,0,0.419546180922395
3053961277#1685036582,0,0,0.419546180922395
5185245258#91686025987,0,0,0.419546180922395
4808983543#203654552716,0,0,0.419546180922395
1479236025#1320992608,0,0,0.419546180922395
5037293131#2055377608,0,1,0.6628854140845918
8431808974#2117967628,0,0,0.419546180922395
2061946625#31657249259,0,1,0.559990680522912
412740201285#4657354294,0,0,0.419546180922395
212394033260#190486841338,0,0,0.419546180922395
4720990748#5956875678,0,0,0.419546180922395
3628839722#2224193149,0,0,0.419546180922395
3053549924#3400442486,1,1,0.6280793700657462
3451234547#3578109145,0,0,0.419546180922395
4185358309#3477269989,0,1,0.559990680522912
2063596827#4643938191,0,0,0.419546180922395
4623978044#4623972834,0,1,0.7897511787548684
135707428689#1410173485,0,0,0.419546180922395
1759667553#1760226057,0,0,0.419546180922395
3489875333#1384518673,0,0,0.419546180922395
4176537188#1415580742,0,0,0.419546180922395
3862188518#1303289685,0,0,0.419546180922395
3442901956#4851639047,0,1,0.6280793700657462
4476878387#580549064505,1,0,0.419546180922395
3913210887#202083551880,0,0,0.419546180922395
4603465738#4653988894,1,0,0.419546180922395
2063596827#3559141878,0,0,0.419546180922395
2615156599#4657354311,0,0,0.419546180922395
2055377608#1552178606,0,0,0.419546180922395
2296574953#2297009298,0,0,0.419546180922395
1818747488#3791609567,0,0,0.419546180922395
2012448159#203654552716,0,0,0.419546180922395
4657354294#4256926363,0,0,0.419546180922395
1693960182#2057657991,0,0,0.419546180922395
3628839722#3628839716,0,0,0.419546180922395
3927439605#4065795437,0,0,0.419546180922395
1403922320#3451234547,0,0,0.419546180922395
4782028642#4130010417,0,0,0.419546180922395
4650641709#4645346456,1,1,0.559990680522912
5185529426#2009723716,0,1,0.7897511787548684
102514982310#190486841338,0,0,0.419546180922395
4219594127#165376540325,0,0,0.419546180922395
25271558033#2108699584,0,0,0.419546180922395
285571185833#5079490375,1,0,0.419546180922395
1592252801#3633082639,0,0,0.419546180922395
3786142129#4354163617,0,0,0.419546180922395
4254960496#2071801820,0,1,0.6280793700657462
4506637171#474022190894,0,1,0.6280793700657462
4116715778#280987330860,0,0,0.419546180922395
2056478070#6013639039,1,0,0.419546180922395
2108699584#3043036534,0,0,0.419546180922395
2038238076#4693830154,0,0,0.419546180922395
2119493181#2054666779,0,1,0.559990680522912
3435281641#580549064505,0,0,0.419546180922395
1611432328#10183965715,0,0,0.419546180922395
4206245003#3930220886,0,0,0.419546180922395
150594495671#165376540325,0,0,0.419546180922395
3484000884#109165560395,0,0,0.419546180922395
35234959099#3287805133,0,0,0.419546180922395
3991972122#4203062441,0,0,0.419546180922395
48384062571#2059397275,0,1,0.559990680522912
2654931017#6633358861,0,0,0.419546180922395
1564005555#1694379811,0,0,0.0
2160958435#54158063899,0,0,0.419546180922395
4354163617#31657249259,0,0,0.419546180922395
4144296423#2063941870,1,0,0.4719447371241417
1740857110#6633358861,0,1,0.9585961081094649
3628839716#3474685536,1,0,0.419546180922395
1372537976#1759667553,0,0,0.419546180922395
4226781300#433432593358,0,0,0.419546180922395
1978617477#4668248026,0,0,0.419546180922395
6633358861#2061674343,0,0,0.419546180922395
433432593358#3578109145,0,0,0.419546180922395
4361071311#3045169703,0,0,0.419546180922395
5183692300#3072525687,0,0,0.419546180922395
4065795437#3882168316,0,0,0.419546180922395
2092174215#4506637171,0,1,0.559990680522912
2117967628#4938744224,0,0,0.419546180922395
2113288221#2111350136,0,1,0.7897511787548684
3442901956#5185529426,0,0,0.419546180922395
4915878989#4702376819,0,0,0.419546180922395
4657354294#3591652360,0,0,0.419546180922395
4375212253#3429527333,0,0,0.419546180922395
4590123310#4480972193,0,0,0.419546180922395
117729109245#4452424559,1,1,0.7897511787548684
18465765293#4808180492,0,1,0.6280793700657462
3582409643#124657516337,0,0,0.419546180922395
2007329552#1395111624,0,0,0.419546180922395
4080777239#5079490375,0,0,0.419546180922395
3573596891#4915878989,0,0,0.419546180922395
4001709701#9043448493,0,0,0.419546180922395
2123088534#3404236704,0,0,0.419546180922395
2115848787#4877012874,0,0,0.419546180922395
2112308267#1711768137,0,1,0.8258249424897236
1785937268#1634250118,0,0,0.419546180922395
369955897964#156276601653,0,0,0.419546180922395
3477028783#3442901956,0,0,0.419546180922395
2355519467#4062424365,0,0,0.419546180922395
1347277680#4316370583,0,0,0.419546180922395
54158093151#2063596827,0,0,0.419546180922395
2640338192#2063888292,0,0,0.419546180922395
1627677359#5083069896,0,0,0.419546180922395
4635899864#4636446230,0,0,0.419546180922395
2067590404#1694365644,0,0,0.419546180922395
1485301223#5047311627,0,0,0.419546180922395
4455655369#4452060617,0,0,0.419546180922395
5196417840#1365425184,0,0,0.419546180922395
2054666779#3416051894,0,0,0.419546180922395
4668248026#4506831459,0,0,0.419546180922395
4464938911#1718702641,0,0,0.419546180922395
4448830722#3779069464,0,0,0.419546180922395
4361071311#2092174215,0,0,0.419546180922395
5102675634#5185245258,0,0,0.419546180922395
4273519745#3708028912,0,0,0.419546180922395
2113093450#1639219119,1,1,0.6280793700657462
412740201285#211516818734,0,0,0.419546180922395
4059739506#2111350136,0,0,0.419546180922395
4623434856#4327730515,0,0,0.419546180922395
4130010417#4332430141,0,0,0.419546180922395
152713369272#4641732096,0,0,0.419546180922395
489466582552#4965682215,0,0,0.419546180922395
3712801411#4495044650,1,0,0.419546180922395
1372181647#4796107660,0,0,0.419546180922395
2058531416#4345845643,0,0,0.419546180922395
2063941871#4523609337,0,0,0.419546180922395
4130010417#3612961288,1,0,0.419546180922395
4643371260#3475895224,0,0,0.419546180922395
1309241819#3267338675,0,0,0.419546180922395
4606763895#1693960182,0,0,0.419546180922395
2065121798#4944579314,0,0,0.419546180922395
2128656141#3633082639,0,0,0.419546180922395
202083551880#2055377608,0,0,0.419546180922395
2057573219#1552178606,1,0,0.419546180922395
1316070485#1929601246,0,0,0.419546180922395
20201333480#172020433612,1,0,0.419546180922395
18466522141#156276601478,0,0,0.419546180922395
2063888292#4641732096,0,0,0.419546180922395
2671772709#1415580742,0,0,0.419546180922395
1776613381#4283750934,0,0,0.419546180922395
443982000626#407898948323,0,0,0.419546180922395
2224193149#4116715778,0,1,0.6628854140845918
1955030813#202083551880,0,1,0.559990680522912
2057186102#335230006871,0,0,0.419546180922395
1782375467#3489875333,1,1,1.0
2224193149#19200751877,0,0,0.419546180922395
1457252565#1372181647,0,0,0.419546180922395
2183428945#2181531828,0,0,0.11186596354537809
2057657991#6013639039,0,0,0.419546180922395
3046447657#4070366893,0,0,0.419546180922395
433432593358#4867525539,0,0,0.419546180922395
3962069458#4019678912,0,0,0.419546180922395
4603465738#1627677359,0,0,0.419546180922395
109165560395#3633529401,0,0,0.419546180922395
3591652360#4236870644,0,0,0.419546180922395
1320992608#1711703532,0,0,0.419546180922395
2057202352#1592253963,0,0,0.419546180922395
1541794055#4831154380,0,0,0.419546180922395
3046447657#4435666805,0,0,0.419546180922395
41965445982#4657395496,0,0,0.419546180922395
2054666779#2056078364,1,1,0.559990680522912
3309721567#2098918003,1,1,1.0
4763332016#142083821417,0,0,0.419546180922395
291245346593#4460813658,0,0,0.419546180922395
4292931987#1312745457,0,0,0.419546180922395
1648883631#5196417840,0,0,0.419546180922395
2054817755#4435497569,0,0,0.419546180922395
3573596891#3287633018,1,0,0.419546180922395
2057120532#5131642969,0,0,0.419546180922395
1633806208#3324213074,0,1,0.6628854140845918
474022190894#2116078007,0,1,0.559990680522912
63573545398#1479236028,0,0,0.419546180922395
1316070485#4831154380,0,0,0.419546180922395
1833924490#3077307902,0,0,0.419546180922395
3458092809#3324213074,1,1,0.6628854140845918
2296522678#152713369272,0,0,0.419546180922395
4717447489#4746833490,0,0,0.419546180922395
2640338192#2067534525,0,1,0.6280793700657462
4457149562#4427940311,0,0,0.419546180922395
3712213597#2075899540,0,0,0.419546180922395
3474155608#4460827792,0,0,0.419546180922395
248509310374#407898948323,1,0,0.419546180922395
2301850248#373850277197,0,0,0.419546180922395
4354163617#3474685536,0,0,0.419546180922395
25271558033#3708028912,0,0,0.419546180922395
2057082379#1416693660,0,0,0.419546180922395
3964017834#3831306913,0,1,0.6628854140845918
5185529458#1307862087,0,0,0.419546180922395
4301048457#2055771737,0,0,0.419546180922395
3363374241#4777455284,0,0,0.419546180922395
1347277680#1920884120,0,0,0.419546180922395
4435630212#2055298458,0,0,0.419546180922395
3292344806#3512605559,1,1,0.559990680522912
4019678912#97875580425,0,0,0.419546180922395
2314431580#4657395496,0,0,0.419546180922395
4817865335#3414290684,0,0,0.419546180922395
1805614122#4218561827,0,0,0.419546180922395
293198128708#1693941156,0,0,0.419546180922395
3931049291#1372181647,0,0,0.419546180922395
192584035425#4777455284,0,0,0.419546180922395
4612302183#2037536844,0,0,0.419546180922395
1403922320#1416629632,0,0,0.419546180922395
2069078384#4715649755,0,0,0.419546180922395
1416629632#3797472002,0,0,0.419546180922395
2061946625#4900256072,0,0,0.419546180922395
4203062441#4373986045,0,0,0.419546180922395
4641732096#549708986379,0,0,0.419546180922395
3612961288#4451089335,0,0,0.419546180922395
4062424365#5131642969,0,0,0.419546180922395
2057082379#5185529426,0,1,0.7897511787548684
2123088534#2117971399,0,0,0.419546180922395
1752749947#4185358309,0,0,0.419546180922395
2116078007#3626237468,0,0,0.419546180922395
4498422001#1457252565,0,0,0.419546180922395
4495044650#4415227218,0,0,0.419546180922395
4623955861#29299331674,0,0,0.419546180922395
2159739481#1637581644,0,0,0.419546180922395
2061244620#549708986379,0,0,0.419546180922395
2176735919#3887327251,0,0,0.419546180922395
3429527333#3077309817,0,0,0.419546180922395
4910574353#4699490403,0,0,0.419546180922395
2127640300#63975298498,0,0,0.419546180922395
4910574353#4915878989,0,0,0.419546180922395
4226659634#4256622048,0,0,0.419546180922395
443982000626#2111349786,0,0,0.419546180922395
4851873209#4316370583,0,1,0.559990680522912
4650641709#18466375636,0,0,0.419546180922395
124657516337#3578109143,0,0,0.419546180922395
28375457127#2297005450,0,0,0.419546180922395
4735364801#2054815601,0,0,0.419546180922395
1320992608#3517506225,0,0,0.419546180922395
4758277966#4475595676,0,0,0.419546180922395
2180579787#2183428945,0,0,0.11186596354537809
10183965715#4693830154,0,0,0.419546180922395
3105105450#4206245003,0,0,0.419546180922395
2120338226#3041145156,1,0,0.419546180922395
2010425525#3077905761,0,0,0.419546180922395
4699490403#211516818734,0,1,0.9585961081094649
4746787193#4746833490,0,0,0.419546180922395
4460813658#280987330860,0,0,0.419546180922395
3559141878#10553947604,0,0,0.419546180922395
2229939616#106190147487,0,0,0.419546180922395
4157779501#1711730143,0,0,0.419546180922395
3072525687#5078702464,0,0,0.419546180922395
4851639047#172020433612,0,0,0.419546180922395
2113288221#1391856996,0,1,0.7897511787548684
2073951091#369955897964,0,0,0.419546180922395
3082042195#5122809038,0,0,0.419546180922395
2012448159#4746787192,0,0,0.419546180922395
3404236704#4435666805,0,0,0.419546180922395
4819851561#72124210175,1,1,0.6881760335960431
3995882585#1614597826,0,0,0.419546180922395
3578109143#1316070485,0,0,0.419546180922395
2304664037#48384062571,0,1,0.559990680522912
4449163726#3072564418,0,0,0.419546180922395
3589653390#3986575237,1,0,0.419546180922395
1774818684#2112308267,0,1,0.6881760335960431
4373986045#3711116048,0,0,0.419546180922395
3903296434#3712801411,0,1,0.6628854140845918
3628839717#2111349786,0,0,0.419546180922395
2050760324#2055608440,0,0,0.419546180922395
4283750934#1541915947,0,0,0.419546180922395
3043391308#4301048457,0,0,0.419546180922395
2057202352#1431930648,0,0,0.419546180922395
3995882585#3287633018,0,0,0.419546180922395
1920884120#216572631693,0,0,0.419546180922395
3364587358#3053549924,0,0,0.419546180922395
18466522141#4236870644,0,0,0.419546180922395
4226659634#4232666143,0,0,0.419546180922395
3578109143#1902954948,0,0,0.419546180922395
4285651704#1312624571,0,0,0.419546180922395
2133663760#2056927656,0,0,0.419546180922395
2075899540#35234959099,0,0,0.419546180922395
5132524109#5102675634,0,0,0.419546180922395
2146119221#1712004928,0,0,0.419546180922395
4464914770#4080777239,0,0,0.419546180922395
26795163325#4057038032,0,0,0.419546180922395
3946584694#3477269989,0,0,0.419546180922395
200792633059#18466375636,0,1,0.7897511787548684
4720990747#4808240616,0,1,0.6280793700657462
3442901956#2088439298,0,0,0.419546180922395
90189178714#90189177809,0,1,0.6628854140845918
4348498011#1952051609,0,0,0.419546180922395
2118967459#3915411982,0,0,0.419546180922395
3926916973#1711995496,0,0,0.419546180922395
4933360994#1593907976,0,0,0.419546180922395
19200751877#2267710728,0,0,0.419546180922395
3047893935#2057706385,1,0,0.419546180922395
4674140626#29299331674,0,0,0.419546180922395
4452060617#3612961288,0,0,0.419546180922395
8431808974#4070366893,0,0,0.419546180922395
3445826974#5205797148,0,0,0.419546180922395
2058563113#489466582552,0,0,0.419546180922395
5132524109#4259867589,0,0,0.419546180922395
2012448159#3230703164,0,0,0.419546180922395
335230005323#369955904629,1,0,0.419546180922395
1365425184#4867525539,0,0,0.419546180922395
496613160423#5034412454,0,0,0.419546180922395
4145771589#142083821417,0,0,0.419546180922395
3929215225#3477028783,0,0,0.419546180922395
3915411982#1320992608,0,0,0.419546180922395
4219594137#4361071311,0,0,0.419546180922395
4506637171#489466582552,0,1,0.6280793700657462
3602711494#26795163325,0,0,0.419546180922395
4636446230#4420971756,1,0,0.419546180922395
2181531828#2183968048,0,0,0.11186596354537809
2056927656#2115662086,0,0,0.419546180922395
2043683805#3509258338,0,0,0.419546180922395
135707428689#69055007639,0,0,0.419546180922395
2169788953#3993258388,0,0,0.419546180922395
2306327656#4199527734,0,0,0.419546180922395
2136267751#167570408533,0,0,0.419546180922395
4001709701#3850067472,0,1,0.6280793700657462
4590123310#3576237842,0,1,0.559990680522912
3934516600#6633358861,0,0,0.419546180922395
3287805133#3289002540,0,0,0.419546180922395
1415580742#2111226139,1,0,0.419546180922395
1639385502#1639157122,0,0,0.419546180922395
2296574953#4300806520,0,0,0.419546180922395
2118416856#2061673563,1,1,0.6280793700657462
4589820532#4717435092,0,1,0.559990680522912
69054998391#69055886795,0,0,0.419546180922395
3850067472#4030079241,0,0,0.419546180922395
4144296423#4506831459,0,0,0.419546180922395
3477028783#3041145156,0,0,0.419546180922395
2063941870#3967431642,0,0,0.419546180922395
2180579787#2183968048,0,0,0.11186596354537809
2190429617#2055377608,0,0,0.419546180922395
3626237468#4867751970,0,0,0.419546180922395
1593907976#1711768137,1,1,0.6881760335960431
2007329552#1776613381,0,0,0.419546180922395
4657320935#1416301524,0,0,0.419546180922395
2146119221#2314431580,0,0,0.419546180922395
3287136302#1833924490,0,0,0.419546180922395
4476878387#4435666805,0,0,0.419546180922395
2183968048#3287136302,1,0,0.419546180922395
1685036582#4702376819,0,0,0.419546180922395
3779069464#4579061300,0,0,0.419546180922395
211516818734#4730947102,0,0,0.419546180922395
2057186168#91686025987,0,0,0.419546180922395
1479236027#1320992610,0,0,0.419546180922395
3363374241#4529171947,0,1,0.6881760335960431
1309241819#3903296434,0,0,0.419546180922395
4808238795#4808180492,0,1,0.6280793700657462
4070366893#2062075977,1,0,0.419546180922395
3927031679#3926967278,0,1,0.559990680522912
2359435242#3052180518,0,0,0.419546180922395
3292344806#2069078384,0,0,0.419546180922395
4417535000#335230006871,0,0,0.419546180922395
4185479835#1701535671,0,0,0.419546180922395
4965700329#2114326156,0,0,0.419546180922395
2121155353#3077766580,1,0,0.11186596354537809
1512838165#3797472002,0,0,0.419546180922395
1719728040#4165283827,0,0,0.419546180922395
2169788953#2012448159,0,0,0.419546180922395
4867525539#4612302183,0,0,0.419546180922395
2111350136#3798986721,0,0,0.419546180922395
4699490403#4635899864,0,0,0.419546180922395
1470085027#1711768137,0,0,0.419546180922395
1929467433#191333072438,0,0,0.419546180922395
5090005176#4082182753,0,0,0.419546180922395
117154450703#4717447489,0,0,0.419546180922395
4657354311#1479236027,0,0,0.419546180922395
3979884544#4807598946,0,0,0.419546180922395
18465755385#4417535000,1,0,0.419546180922395
2117967628#4272953638,0,0,0.419546180922395
4231111906#2744122330,0,0,0.419546180922395
1639330963#1639157122,0,0,0.419546180922395
4256926363#4256725997,0,0,0.419546180922395
1637581644#1564005555,0,0,0.419546180922395
3997209484#4057038032,0,0,0.419546180922395
2063888292#1649349373,0,0,0.419546180922395
2111350136#2067590404,0,0,0.419546180922395
4819735406#2058535644,0,1,0.559990680522912
3711116048#4203062441,0,0,0.419546180922395
4572510718#87008148161,0,0,0.419546180922395
2043683805#4755216808,0,0,0.419546180922395
1929467433#4218561827,0,0,0.419546180922395
4384418878#2055608440,0,0,0.419546180922395
3442901956#1410173485,0,1,0.6280793700657462
5185554343#1650171815,0,0,0.419546180922395
2057120532#2057186115,0,0,0.419546180922395
3484000884#280987330860,0,0,0.419546180922395
2488218738#2069945983,0,0,0.419546180922395
2050883606#4027278504,1,0,0.419546180922395
3212722992#1590545992,0,0,0.419546180922395
1644134375#1776613381,0,0,0.419546180922395
2074433649#4361071311,0,0,0.419546180922395
4650344731#1614597826,0,0,0.419546180922395
10605371390#2050883606,0,0,0.419546180922395
1590545992#1694379811,0,0,0.419546180922395
1314231362#5205408909,0,0,0.419546180922395
4643938191#38406123057,0,0,0.419546180922395
1759667553#1773082332,1,1,0.9145757269737694
2056078364#2133358535,0,1,0.559990680522912
1693960182#3212722992,0,0,0.419546180922395
4809064482#226460833239,0,0,0.419546180922395
65277266246#4965700329,0,1,0.5962414170018269
3290843988#4702376819,0,0,0.419546180922395
1453376890#4938744224,0,0,0.419546180922395
4283750934#303433622485,0,0,0.419546180922395
369955897964#1872011272,0,0,0.419546180922395
211675776290#2057146445,0,0,0.419546180922395
4809064482#3512605559,0,0,0.419546180922395
2079580923#4185479835,0,0,0.419546180922395
6633358861#2065354050,0,0,0.419546180922395
5196417840#4384418878,0,0,0.419546180922395
4506831459#2055492411,0,0,0.419546180922395
64461302079#5956875678,0,0,0.419546180922395
474022190894#2061244620,0,0,0.419546180922395
3903296442#4464914770,0,0,0.419546180922395
4475595676#4361071311,0,0,0.419546180922395
2060056771#2120525705,0,0,0.419546180922395
3582409643#3072527640,0,0,0.419546180922395
2111320607#4632894940,0,1,0.6280793700657462
2060056771#3309721567,0,0,0.419546180922395
1718702641#4819735406,0,0,0.419546180922395
2055771737#283482842835,0,0,0.419546180922395
4720990748#4808240616,0,1,0.6280793700657462
2359572372#4464914770,0,0,0.419546180922395
3414290684#4623972834,0,0,0.419546180922395
298575330094#2055492411,0,0,0.419546180922395
2054815601#3995882585,0,0,0.419546180922395
4746787193#4732077225,1,0,0.419546180922395
2067534525#1312745457,0,0,0.419546180922395
245814065042#4283750934,0,0,0.419546180922395
4271919356#75959618233,0,0,0.419546180922395
1712613661#4475595676,0,0,0.419546180922395
5083069896#20201333480,0,0,0.419546180922395
4889965062#2063941641,0,0,0.419546180922395
4643938191#2297005450,1,0,0.419546180922395
63975298498#4205391929,0,0,0.419546180922395
2063596099#2120338226,0,0,0.419546180922395
4460813658#3077307902,0,0,0.419546180922395
1321360812#2058535644,1,1,0.559990680522912
4965685047#1593907976,0,0,0.419546180922395
3279454241#4038622993,1,1,0.6280793700657462
2111616240#4506637171,0,0,0.419546180922395
2067534525#3072527640,0,1,0.559990680522912
4575249992#4205391929,0,0,0.419546180922395
2012448159#4746787193,0,0,0.419546180922395
4659671054#1541915947,0,0,0.419546180922395
2063941870#2180579787,0,0,0.419546180922395
4623324616#2113270608,0,0,0.419546180922395
3636206032#2977766885,0,0,0.419546180922395
3903296442#1309241821,0,0,0.419546180922395
3964017834#3576237842,0,0,0.419546180922395
2057573219#4038622993,0,0,0.419546180922395
2007329552#48384062571,0,1,0.559990680522912
142083821417#3072564418,0,0,0.419546180922395
4464914770#90189177809,0,0,0.419546180922395
350874367544#407898948323,0,0,0.419546180922395
4080777239#4417535000,0,0,0.419546180922395
2218261094#3309721567,0,0,0.419546180922395
2026312944#2120460585,1,1,0.559990680522912
4150903702#1773082332,0,0,0.419546180922395
1512838165#4231111906,0,0,0.419546180922395
1479236025#1479236024,0,0,0.419546180922395
2057082510#4529171947,0,1,0.9585961081094649
1965402836#1712004928,0,1,0.559990680522912
52308312082#6633358861,0,0,0.419546180922395
3578109145#4200588492,0,0,0.419546180922395
412740201285#4657354311,0,0,0.419546180922395
4965685047#49857216438,0,1,0.559990680522912
3717616592#4354163617,0,0,0.419546180922395
2063930195#169388103646,0,0,0.419546180922395
4883419414#2054666779,0,1,0.559990680522912
3287136296#1833924490,0,0,0.419546180922395
5090005101#4062424365,0,0,0.419546180922395
3463623936#1564005555,0,0,0.0
4460920026#3077743360,0,0,0.419546180922395
5122809038#2119387186,0,0,0.419546180922395
3876493191#2977766885,1,1,0.559990680522912
4080777239#2111349786,1,0,0.419546180922395
18465839155#2062075977,0,0,0.419546180922395
1438441441#3053961277,0,0,0.419546180922395
2139604103#2359113449,0,0,0.419546180922395
14613451516#2037536844,0,0,0.419546180922395
2671772709#369955897964,0,0,0.419546180922395
4726069349#4475595676,0,0,0.419546180922395
4273519745#3747287828,0,0,0.419546180922395
4726069349#1365425184,0,0,0.419546180922395
20439984991#2120460585,0,1,0.559990680522912
1312745457#3636206032,0,0,0.419546180922395
4158960527#2055988859,0,0,0.419546180922395
2359435242#2120460585,0,0,0.419546180922395
2057186102#2057186115,0,0,0.419546180922395
1320992610#1479606018,1,0,0.419546180922395
2267710728#54158093151,1,0,0.419546180922395
169883264664#3551736332,0,0,0.419546180922395
4796107660#4623972834,0,0,0.419546180922395
4435666805#4185963090,0,1,0.7897511787548684
4720990752#4720990747,0,1,0.6280793700657462
3903296434#4464914770,0,0,0.419546180922395
6013639039#2065121798,0,0,0.419546180922395
1920884120#187961304511,1,0,0.419546180922395
1594664396#4197957154,0,1,0.559990680522912
