pair_id,true_label,pred_label,confidence
4441056785#2058489457,0,0,0.21011086308211482
4855192008#3931035425,0,0,0.4769956061357192
18465850062#4589801151,1,1,0.7693975797620216
4206160273#4970014021,0,0,0.11923779977251722
1321408657#2058207302,0,0,0.20744073544025135
4302208677#4259834054,0,0,0.3492009365069823
4220489232#5062878913,0,0,0.23123133897710274
3991387948#3781728770,0,0,0.3795338946942547
4804861605#4095826594,0,0,0.23123133897710274
4425600562#4897934962,1,0,0.4275852826724417
82466780870#4675051825,0,0,0.34437200509884014
4720390052#1402158617,0,0,0.23123133897710274
3862296444#4457940843,0,0,0.23123133897710274
2065044531#4624558262,1,1,0.8228736857886093
4752061423#4603499681,0,0,0.46841314007012963
1788281024#2069518104,0,0,0.22000030589305988
4730592514#201180045587,0,0,0.3413953881640964
3045195282#4471449591,0,0,0.23123133897710274
59657910044#37372627174,1,1,0.5472134875947195
4116721553#4567238149,0,1,0.6139899722116625
1823372268#1806456429,0,0,0.29088036499776915
5165641659#3205210115,0,0,0.23123133897710274
4797037452#4726396976,0,0,0.23080032597518543
2065044531#3042388146,0,0,0.23123133897710274
159824143431#172087618689,1,0,0.32092952128425595
4435546738#5214349442,0,0,0.4276820769626693
1386618246#4295043985,0,0,0.23123133897710274
3458373106#1802113995,0,0,0.22111730596934492
4578818238#3088007378,0,1,0.6624459992871712
2078231832#3046734634,0,0,0.23123133897710274
3468099011#3937803478,0,0,0.13898284522007362
3913210887#2069194582,0,0,0.23123133897710274
2064651676#1949694216,0,0,0.34302644076543076
4728019061#4737466020,0,0,0.2535044963335427
25271558033#2168049313,0,0,0.24143836948337336
1701262215#395685899087,0,0,0.16881341768641966
2255999084#1775476124,0,0,0.13661550020282057
3459782364#1974801707,0,0,0.18500358296782635
423255649219#585216739399,0,0,0.17164701918091202
1639157122#1875570554,0,0,0.2631088075059759
3782209919#3414226598,0,0,0.23123133897710274
5103624144#35050759831,0,0,0.30548393728064654
2071962865#4752061423,0,0,0.38305702824692534
4091600300#4489623613,0,0,0.23123133897710274
1537713149#4391848279,0,0,0.201818863444832
2059019411#281128119490,0,0,0.2582204302061414
4058724297#4909154245,0,0,0.41758847522815057
2062901374#14920393984,0,0,0.32148103627881924
4441056785#2359147867,0,0,0.23123133897710274
3267338671#3271713292,1,1,0.5969578950371597
1875570795#585216739399,0,0,0.16924659563886357
5140039711#3618769182,0,0,0.23123133897710274
4635983959#3045195282,0,0,0.23123133897710274
138649305625#4911932997,0,0,0.294087416065949
4538489291#4426887495,0,0,0.18500358296782635
1949694216#38189434441,0,0,0.23802171044296375
3041214478#96344432148,0,0,0.28753650580635265
2625038642#4165910360,0,0,0.2491689404207887
3444192698#3047029968,0,0,0.25478760133517553
1319732582#42626234945,0,0,0.06697213197709992
4741125055#2058385981,1,0,0.3969198912997182
4934245250#4415408192,0,0,0.23123133897710274
4749417182#2062281479,0,0,0.32025456932077717
3797481052#3708433646,0,0,0.19972177648338443
2625038642#3124123344,0,0,0.23123133897710274
3060159815#156116022807,0,0,0.19020589837677418
8484260087#1974801707,0,1,0.5701060687716789
2054656607#2111999386,0,0,0.33925120747190207
4628657238#4639874115,0,0,0.22631197413320933
113560958124#117756682724,0,0,0.3985763536659389
56587760546#5027483278,0,0,0.24252713356511807
3798427322#4420214504,0,0,0.4008830363288574
1645442429#3508697475,0,0,0.27260095568296405
1701420365#1634624894,0,1,0.7133157360071009
1975046609#4298712891,0,0,0.21965196847479873
2056243161#1768955738,0,0,0.24143836948337336
199104051031#3239343165,0,0,0.23123133897710274
2055658829#3862442483,0,0,0.09087071234592782
4675092479#292830032329,1,1,0.8040102165788956
1806456429#2602864486,0,0,0.4542307249012522
4435502516#3826134250,0,0,0.18642605728184639
3986635625#3697829010,0,0,0.23123133897710274
2207679070#4446783969,1,1,0.8490608270388507
4257137636#4623963992,0,0,0.18304036945193763
3862442483#3931035425,0,0,0.18682208192483565
4455910772#4913756270,0,0,0.23123133897710274
4572223100#4657420264,0,0,0.17987759454815663
3002379949#113940354812,0,0,0.23630828909110463
4466176551#1558033867,0,0,0.22040361907804334
3913210887#1614486994,0,0,0.3660707934263463
4133854035#2111497729,1,1,0.6591043228616826
3781728770#4726348614,0,0,0.23123133897710274
2007838544#3551737148,0,0,0.18553542107548393
2056050973#4726396976,0,0,0.23123133897710274
3760470313#3046306290,0,0,0.23123133897710274
2063077902#4346589693,0,0,0.18454642967387574
1848110456#3525476136,0,0,0.24196207009771223
4538489291#1634366430,0,0,0.3264129559343647
4260655307#2061138052,0,0,0.22505876361117094
3635899848#113560958124,0,0,0.23450559540265886
4070350685#2112609950,0,0,0.2467588292780581
1485342380#4692710195,0,0,0.2413685256518972
2058849144#3067096711,0,0,0.3564060872842371
113940354812#4081304066,0,0,0.40066027124879056
3835278364#102790670060,1,1,0.7888965494285917
4346589693#3849754958,0,0,0.23123133897710274
4522343644#2078231832,0,0,0.2823164967502785
4161766533#4670902580,0,0,0.23123133897710274
4527413574#5166721362,0,0,0.23123133897710274
422592070627#4953440832,0,0,0.3992629849211953
2056848620#4877425733,0,0,0.27714033373728714
2065681248#1784010637,1,1,0.6001047211232431
4126391754#4567238149,0,0,0.31087642203110644
4670277179#1805797094,0,0,0.29553619305912016
3415881960#4958009936,0,0,0.16467045590491955
2602864486#1485342380,0,0,0.23123133897710274
1774799298#1560897004,0,0,0.19609994504816414
82326381534#2060056771,0,0,0.1448660978629766
3579464172#4081080882,0,0,0.2678554712077818
1773082332#102790670060,0,0,0.23123133897710274
5063243277#5051033030,0,0,0.23426298736387732
2058849144#5185529534,0,0,0.32507752549807767
3914990489#3564523840,0,0,0.12161871313616131
38189434441#4676945807,0,0,0.23123133897710274
4709177500#3444192698,0,0,0.21011086308211482
3500947737#3205210115,0,0,0.30969925501055845
2056662276#2062867086,0,0,0.22667953737600965
132075514370#4851625903,0,0,0.23123133897710274
395685899087#3212722992,0,0,0.13672210145856933
4953440832#3986635625,0,0,0.16804764194676192
4866004102#2205022736,1,1,0.794241511664647
5027483278#4855531635,0,0,0.2880606111778654
427593909142#4206008942,0,0,0.20840385526971364
4541989646#4081304066,0,0,0.40066027124879056
4557843865#25271558033,0,0,0.3026594050163898
1485342380#3954693062,0,0,0.29804925233544804
325282849432#4332022336,0,0,0.2097946119544249
4256271098#4970198147,0,0,0.30933857486635247
60746273843#4623963992,0,0,0.15675629762506824
5103620556#96464483573,0,0,0.33989675855840273
4970014021#4142253323,1,1,0.6693864884073985
3551736332#4297587275,0,0,0.2427029580548719
4797037452#5186378802,0,0,0.2741154750965254
3860598463#4475471841,0,0,0.20229314081369967
4530016607#3202650162,0,0,0.3855120249527191
34523829000#1558033867,0,0,0.40733958670984455
3937803478#2932008834,0,0,0.23123133897710274
18956333945#4522343644,0,1,0.6417474135723358
4696335646#4720454712,0,0,0.23123133897710274
3762577896#3707436708,1,1,0.6010059463233725
2056136170#2059772017,0,1,0.5262825078527373
1765964136#3276122697,0,0,0.40827459711750524
1621413330#3913210887,0,0,0.3660707934263463
4639874115#49450621842,0,0,0.23123133897710274
4935501979#189641559770,0,0,0.17038161463919874
1802211277#4222830447,0,1,0.6823849703323546
4332022336#18465768764,0,0,0.2799173311583554
1765964136#407278558983,0,0,0.2180231654967083
422592070627#5130795772,0,0,0.25912944778367103
3351547434#4590516019,0,0,0.4252988185388182
4959796164#3046812325,0,0,0.23123133897710274
49450621842#3322922498,0,0,0.23123133897710274
4522343644#3935465939,0,0,0.26539814905025383
580549064505#3202650162,0,0,0.29680501762635153
5185554343#3435291193,0,0,0.23123133897710274
1711768137#38189434441,0,0,0.34175956494220794
422593661853#4650344731,0,0,0.23123133897710274
3645501595#4645177299,1,1,0.6076481559083182
26795163325#4473639064,0,0,0.20103370308389612
4944592558#1743158946,0,0,0.15908006926975365
1326203809#68208094552,0,0,0.23123133897710274
281128119490#3239345949,0,0,0.23674751843605074
4157495788#2056050973,0,0,0.2696989110226015
5139738145#4206249296,0,0,0.19037080375654675
3558421110#1743158946,0,1,0.5230871326724513
2168049313#4157401170,0,0,0.24018906836615453
4264656619#2038238117,0,0,0.2601427655180012
4862162402#4572590009,0,0,0.24143836948337336
1789407336#2147527944,0,0,0.38143294597278793
4346589693#3781728770,0,0,0.3057130170957077
3652204966#5214133765,0,0,0.20028874328197224
33614269069#3973290911,0,0,0.23123133897710274
4730592514#2059194324,0,0,0.2312300584706076
4359345479#4522343644,0,0,0.24194911285857754
4676945807#2065240489,0,0,0.1933175881615419
4242576131#4911932997,0,0,0.2918601377998555
5185529534#3088007378,0,0,0.3850946280582153
4359345479#2055878959,0,0,0.314156424129932
55721888445#2112093012,0,0,0.20461783840821987
2053826326#5214033793,0,0,0.22793420904194542
20248125819#3459782364,0,0,0.23123133897710274
1317769788#1974801707,0,0,0.43972214213036537
407921450268#1639256138,0,0,0.20067159770768642
3041214478#4198143611,0,0,0.3871931606606303
4383857081#450099632797,0,1,0.5034358362752384
3707436708#296646328589,0,0,0.18835072401263026
4259834054#3831306913,0,0,0.09974959775835149
5123172296#47066263949,1,0,0.48167778559491486
3875487514#1950837411,0,0,0.23123133897710274
3807056657#4116721553,1,1,0.9416576808366064
4657296734#38189434441,0,0,0.33451962190076856
4697095949#1384521138,0,0,0.2590521627905029
4433126615#4808142872,0,1,0.5932362428749407
2254264382#276403558061,0,0,0.23123133897710274
4243154090#2066608628,0,1,0.5360705836786821
4970198147#4206160273,0,0,0.1926857993028471
4749417182#3846933347,0,0,0.20941190305385765
485901844230#2045215940,0,0,0.35126063803218155
4282239841#4855074111,0,0,0.23123133897710274
2011135203#2059772017,0,0,0.23733256516412982
4645177299#4572590009,0,1,0.5318593196992896
2625038642#159824143431,0,0,0.29375601050802513
4670277179#1557678768,0,0,0.23123133897710274
4361532031#2136848057,0,0,0.27222349034915
3782209919#3762577896,0,0,0.18798009573235516
3920761470#4926497821,0,0,0.4234533969102416
4422812389#191401378376,0,1,0.5186864437161094
5068111044#191669250041,0,0,0.2798415338747891
4283743489#4416674399,1,1,0.5581690821020664
4590318667#189641559770,0,0,0.32393940774006336
4808412950#4934245250,1,0,0.20587527428486554
2069807272#2152113149,0,0,0.2302758584388406
5140039711#4297587275,0,0,0.40312728792253816
4623176202#141958417592,0,0,0.2092189042115545
3747074740#2056703740,0,1,0.773733646160538
312476159692#323299606725,1,0,0.24892427203111947
3299466058#2059581715,0,0,0.34168628104352533
1806456429#4420214504,0,0,0.1448660978629766
5061207560#8431809688,0,0,0.23265784937998402
18467089718#2060056771,0,0,0.1162686702847382
54163692074#4720390052,0,0,0.23123133897710274
3764168689#5196755485,0,0,0.15087998849738832
5214349442#2977432095,0,0,0.1682219415902466
3708976648#4541989646,0,0,0.23123133897710274
2074538866#3511353262,0,1,0.6699145558495921
3579464172#48901612818,0,0,0.19965575611989156
4295043985#1321408657,0,0,0.20744073544025135
5139738145#4749417182,0,0,0.2582823079511486
1312951134#4675051825,0,0,0.21272917916822282
2007939398#49450621842,0,0,0.23123133897710274
4570599868#4433126615,1,1,0.5520549804324105
3598854563#2631411093,1,1,0.7568145422105658
178471540370#5111591626,0,0,0.1743383645076538
4991881551#4219781519,0,0,0.3987350816874043
1639256138#4471449591,0,0,0.22294046662972883
5061207560#4882622259,0,0,0.18558458037126285
2063077902#1326203809,0,0,0.2456046240498085
1634366430#5122767275,0,0,0.21689388450463934
4483699071#1802608944,0,0,0.23123133897710274
160443202314#5051911276,0,0,0.28705157594429653
3945405605#44044455454,0,0,0.36888272533951455
1639423540#1634366430,1,0,0.23142395295350368
509348036756#5075179730,0,0,0.234034868321001
4045102508#2059194324,0,0,0.15230540618800475
4623176202#4935513479,0,0,0.22040361907804334
610724884856#4391848279,0,0,0.17136265202891218
4417954604#276403558061,0,0,0.23123133897710274
5214133765#4934245250,0,0,0.2641493626042802
1565918483#3797469476,0,0,0.23123133897710274
4205500523#4464225618,0,0,0.3305621797887022
4639814245#4222830447,0,1,0.6664608761784029
134867489837#2977432095,0,0,0.4930521045463557
332289128117#4264643150,0,0,0.3628510008869702
3551737148#3395210543,1,0,0.38329677317991917
4257137636#56587760546,0,0,0.234034868321001
556384743931#3055538941,0,0,0.3128973578077846
4855074111#4699492658,0,0,0.23475798690345268
2147527944#1774799298,0,0,0.2709986967987526
4259834054#1760201040,1,1,0.6172376736088928
4939070111#1927135903,0,0,0.11136921254767636
2072223571#1726849895,0,0,0.31437324545886947
138691630850#343207691350,0,0,0.23806526297240946
26795163325#2069518104,0,0,0.24143836948337336
509348036756#14920393984,0,0,0.18295144067019112
4205995308#1774799298,0,0,0.2938406574750243
2147527944#2055553125,1,1,0.7963356473751497
4157495788#2168053392,0,0,0.25633700341454424
1815726281#2116384872,0,0,0.23123133897710274
3713044717#4509579066,0,0,0.23123133897710274
1309241824#2059581715,0,0,0.20973632962847513
3826134250#2108617570,0,0,0.2546268655557453
4222830447#3995939780,0,0,0.3559099732896897
4099060832#4159031604,0,0,0.17396670020325875
2134510956#4346006247,0,0,0.23123133897710274
4991881534#4557843865,0,0,0.23123133897710274
3550420996#3551045844,0,1,0.7960579736378374
2063077902#1726849895,0,0,0.24143836948337336
4424218136#4670277179,0,1,0.7283546798240526
5122767275#38189434441,1,1,0.7996056906047406
4443083796#3558421110,0,1,0.810346751419271
5210078086#336084797451,0,0,0.19201062162481627
3267793397#4683128695,0,1,0.5570851902886277
55721888445#4970198147,0,0,0.1759216291959115
5123172296#2205022736,0,0,0.42807897365231745
1537439376#2119447541,0,1,0.7893873838520972
4242576131#4720390052,0,0,0.23123133897710274
1384521138#1726849895,0,0,0.3790312627275549
37132781634#3881849655,0,0,0.17001283801331787
5174571094#141958417592,0,0,0.21965196847479873
4506715468#117756682724,0,1,0.5617083109897147
1775476124#4959796164,0,0,0.27908279111118584
1560897004#1802211277,0,0,0.10650626908858782
4720442113#4720390052,0,0,0.3206406483772828
2054953236#4536425461,0,0,0.23123133897710274
2007838544#4058724297,0,0,0.23123133897710274
178471540370#407642705986,0,0,0.43910054683142435
4264643150#1614486994,0,0,0.23123133897710274
4165910360#4699492658,0,0,0.1877588789668631
1453322140#4935513479,1,1,0.5866535115047944
3550703733#4737466020,0,0,0.28730499797186454
1472057121#2045215940,0,0,0.28533963328503187
4934245250#18465768764,0,0,0.18070280885898332
580549064505#4455910772,0,0,0.22040361907804334
4402571427#1558134955,0,0,0.23123133897710274
4264643150#4264534612,0,0,0.4835986207444875
4360817571#1491808729,0,0,0.19637689675309603
2060227695#2061892659,1,1,0.6899665764149268
2064049724#3525476136,1,1,0.6617780714938527
1823372268#4649420935,0,0,0.36823896426975783
2063077902#3707436708,0,0,0.3124448193660379
2059194324#3468099011,0,0,0.23982810436392524
3067096711#4264643150,0,0,0.370948678237725
4975601232#1441677912,0,0,0.4436461877894254
4045102508#1861556379,0,0,0.23123133897710274
218691706787#3511353262,0,0,0.2083821298883943
3781728770#3072545115,0,0,0.28305315063508907
179195001984#2027930795,0,0,0.23123133897710274
3299466058#1802211277,0,0,0.23123133897710274
1485299312#3551045844,0,0,0.22572814467159344
3202650162#1690392435,0,1,0.7166463265601923
1391516565#5012378353,0,0,0.23123133897710274
4683128574#5137789006,0,1,0.5669317854849473
96464483573#4442434830,0,0,0.30308969480819015
4165241952#1816678631,1,1,0.5104123145391117
2056226500#1401982553,0,0,0.21504812117296562
498980611251#4953440832,0,1,0.6523024997379179
1560897004#172087618689,0,0,0.050896655255903284
3990733484#3967289494,0,0,0.29138273364259387
3084169617#3633003734,0,0,0.24143836948337336
4135061499#5059287828,0,0,0.4272675811684581
3053961277#3727406860,0,0,0.23123133897710274
4483699071#48861374884,0,0,0.3510277581658508
1690392435#2134805159,0,0,0.11807703583325574
160443202314#4257137636,0,0,0.23123133897710274
4473639064#2055375491,0,1,0.6366058151762519
2058385981#4923640936,0,0,0.2248547500680456
4804861605#4913620658,0,0,0.23123133897710274
3935465939#3511353262,1,1,0.5954875587561885
1752843168#4506715468,0,0,0.2234939327624703
5005539531#58971109124,1,1,0.9064196945805604
3467678421#3927344890,1,0,0.49474677318410226
4587522516#49475347464,0,0,0.21965196847479873
2072223571#1386769919,0,0,0.3393065806957536
2054786962#2977432095,0,0,0.2007022110549782
4464267701#4855192008,0,0,0.22393835832477652
26795163325#412056568264,0,0,0.17396670020325875
5166622275#4302208677,1,0,0.44316917081763196
4877557723#4622896603,0,0,0.2645603566355873
3400949384#2932008834,0,1,0.5305218731696442
2062832759#1774643505,0,0,0.21868477455890403
6626538016#3055538941,0,0,0.23081407846476454
4720442113#1634624894,0,0,0.4643251936256446
1671507912#4441067158,0,0,0.423440346129342
4591568435#3844369814,0,0,0.2688753889511436
2065166575#3995882585,0,0,0.23081407846476454
3995939780#1835570826,0,0,0.23123133897710274
5154554715#159824143431,0,0,0.21011086308211482
113940354812#4522343644,0,0,0.2147548647752603
2058849144#4439261964,0,0,0.4073719972289343
2007961164#4159031604,0,0,0.3142919409591247
5111591626#1558033867,0,0,0.21108335897692493
4852065333#77921648746,0,0,0.30953346136661775
3995882585#2069194582,0,0,0.23123133897710274
4720389596#4720442113,0,0,0.39550108851513416
3862296444#4196598949,0,1,0.560879222507806
4683128695#82326381534,0,0,0.4698800036474088
18465768764#3927603556,0,0,0.15861330434500973
3966652517#85384061690,1,0,0.37064517264613495
4435546738#3862296444,0,0,0.1701773429108353
4706331170#4256271098,0,0,0.30933857486635247
2061138052#4425600562,0,0,0.28466202639752575
4415408192#4426887495,0,0,0.3890840697003829
2051705675#3339264625,0,0,0.29421448995389743
4754817670#4826662409,0,1,0.6745697139849016
4038779740#4657296734,0,0,0.12774006282421882
4220489232#1303430936,0,0,0.23123133897710274
3862296444#3829546123,0,0,0.19607794106390833
4717447481#2071962865,0,0,0.4916086261988339
4673696842#4655336845,0,0,0.23123133897710274
1402158617#4670277179,0,0,0.2565657953734466
3598854563#327540253581,0,0,0.3668571471070851
5099092267#2058489457,0,0,0.1448660978629766
580549064505#550633511658,0,0,0.4094997936536764
2078630441#178709407236,0,0,0.27297302110815247
3782209919#2078630441,0,0,0.23123133897710274
4471449591#2074538866,0,1,0.5568844501156284
281128119490#366875248163,1,0,0.4316428719903556
2059019411#4683128792,0,0,0.23123133897710274
4548887380#4206249296,0,0,0.24565244319207769
18956333945#437850700068,0,0,0.36150408234662473
2069194582#5140039711,0,0,0.22393835832477652
1838157378#2007923073,0,0,0.2822225485353907
2136848057#2554762874,0,0,0.23123133897710274
4655210982#3444192698,0,0,0.21003462518121385
4346589693#3496790707,0,0,0.23123133897710274
1639330963#4590516019,0,1,0.7939996764370598
2057787086#1407873390,0,0,0.23472225835782864
2058703491#1815633130,0,0,0.23123133897710274
81226585052#4529952057,0,0,0.2007022110549782
2059840221#3249351499,0,0,0.23123133897710274
2111494388#4283743489,0,0,0.2029131153150132
5168776505#3913210887,0,0,0.21965196847479873
60502455786#37132781634,1,1,0.6677866296701236
3514514633#4623176202,0,0,0.21965196847479873
191669250041#4590516019,0,0,0.2924937062536546
1401982553#3728594582,0,0,0.23123133897710274
1737790248#199104051031,0,0,0.40756451306402325
4657296734#54158072521,0,0,0.49780965854633047
1407873390#5186378802,0,0,0.40215316685402486
5098221599#3862296444,0,0,0.20644089785379835
2056703740#2074381365,0,0,0.23123133897710274
4295043985#3973290911,0,0,0.4347313926520902
4730592514#5140039711,0,0,0.23123133897710274
38189434441#4020838298,0,0,0.2905770936876275
4439261964#4439261965,0,0,0.28877078864207095
5182358949#4455910772,0,0,0.2723712253575352
54501067062#4650405536,0,0,0.32172319808998334
2055885530#1309241824,0,0,0.20973632962847513
2121403889#2078830490,0,0,0.46450232195629304
4345891873#3322922498,0,0,0.23123133897710274
1485299312#3550420996,0,0,0.2661196069894626
5214349442#60746273843,0,1,0.916218829042318
2053553978#1485342380,0,0,0.4361934481696214
1765964136#3708433646,0,0,0.19376743503419222
33614269069#1304937637,0,0,0.23123133897710274
4951787412#38189434441,1,1,0.6789324062327601
34523829000#2111497729,0,0,0.30266942819995374
422593661853#2007961164,0,0,0.15344941908565277
14613484963#1815726281,0,0,0.4476856828951893
2115121510#4167169697,0,0,0.11542593729818248
4817865335#4264623066,0,0,0.23982810436392524
3882105016#4786425036,0,0,0.19590483773340234
4175179647#2168049313,0,0,0.23123133897710274
444631792208#2072223571,0,0,0.2617346848752572
179195001984#4944592558,0,0,0.42401110709788414
535595175332#6626538016,0,0,0.20744073544025135
2092142602#493119725481,1,1,0.6686598832759532
1802211277#4639814245,0,0,0.3090720376863821
2063850988#1479238988,0,0,0.22393835832477652
1666737679#1416247746,0,0,0.1533206400163591
97378088946#1760201040,0,0,0.28305315063508907
1829096346#2062281479,0,0,0.38825600270725535
4297587275#4278997793,1,1,0.5798837107637446
4450588934#4426887495,1,1,0.5116551783341463
1671507912#4522343644,0,0,0.24741490233478614
5210078086#140581144985,0,0,0.31526107292203087
2056662276#3831306913,0,1,0.5164543185159503
4509579066#2111999386,0,0,0.20744073544025135
29004068614#4926497821,1,0,0.4286141141895394
4657420264#4058724297,1,1,0.6569394145567152
2053116658#3043492443,0,0,0.2217039187130922
1737790248#4466176551,0,0,0.23123133897710274
4855192008#4676945807,0,0,0.3664017275703097
407921450268#4264623066,0,0,0.23123133897710274
4442434830#1923282767,0,0,0.2912452002751502
2070119945#3770309546,0,1,0.6645171141481718
4219305678#4591610567,0,0,0.4951057398452717
3267338671#1309241824,0,0,0.2192098070845557
4443083796#4913756270,0,0,0.3745513115466133
2720191918#451081926345,0,0,0.20111603536351638
619944752073#276403558061,0,0,0.23123133897710274
2048788952#2944165247,0,0,0.2052131087233033
4934926045#1374712246,0,0,0.16553931532268856
2062066566#132075514370,0,0,0.226655105363618
4975601232#5153649937,1,1,0.6962541690119614
2057667662#4658859864,0,0,0.23123133897710274
178709407236#4657296734,0,0,0.2608539171715565
65121698593#1811606367,0,0,0.23123133897710274
2062867086#54158072521,0,0,0.3101678527658827
4635983959#395685899087,0,0,0.12995271738696076
3322922498#4934245250,0,0,0.23123133897710274
33187929079#2113209826,0,0,0.3007267016739995
1402158617#3875487514,0,0,0.2712413003630127
2873066884#5153649937,0,0,0.14788811042760394
4429293356#4659095325,0,0,0.24499182845240464
3055420907#189641559770,0,0,0.420808588239406
2059020105#2059194324,1,1,0.7118001643438768
3914990489#1384521138,0,0,0.15353106581425474
2038238117#68208094552,1,1,0.5412329451095248
2152113149#33827094730,0,0,0.2935688026067679
2050811813#3351547434,0,0,0.14682248849063562
580549064505#25271558033,0,0,0.3794427083423701
1842010241#5027483278,0,0,0.23123133897710274
4547354791#4506715468,0,0,0.1491321046704721
4933601180#37132781634,0,0,0.2726110065433684
5041514024#3986635625,0,0,0.1271811904659376
3055420907#5130795772,0,0,0.2502203034190166
4489623613#2059581715,0,1,0.5322096227268214
53433220404#58971109124,0,0,0.29877421638609314
2062066566#3598854563,0,0,0.2953051053413812
4506715468#2146884621,0,0,0.21965196847479873
5068270943#1650171814,0,0,0.34764498628240065
4111406344#3945405605,0,0,0.1416937494344202
1645442429#1701262215,0,0,0.20378889998543634
2059019411#1497894212,0,0,0.08365972455863094
18466375636#3072545115,0,0,0.41650436104496685
2069309301#4855192008,0,0,0.2967460912627605
2062832759#336084797451,0,0,0.21908635345409028
3829546123#4675092479,0,0,0.24979044416325819
164316289384#2202311541,0,0,0.23123133897710274
422593661853#1818219339,0,0,0.2181782811291088
4683128695#5137789006,0,1,0.5158354509898644
2064229512#1882915934,0,0,0.1730633123666143
4635983959#4797165686,0,0,0.3163206583918456
4934245250#498980611251,0,0,0.16597294336674379
3791242869#4361532031,0,1,0.5723177352707541
2055885530#4804861605,0,0,0.23123133897710274
2056703740#422593661853,0,0,0.19460623224524587
35840895191#3807056657,0,0,0.15121933718605302
4643643168#4587249322,0,0,0.23123133897710274
2932008834#4441056785,0,0,0.48589990656895
1811606367#336556403061,0,0,0.268827563970505
5067110667#123498955821,0,0,0.30562776791617624
3525476136#4360817571,0,0,0.2083859424612079
1491808729#2069194582,0,0,0.17882945463994487
18466375636#5012377514,1,1,0.8968619745297726
1788281024#2065044531,0,0,0.23123133897710274
422593661853#4513691832,0,0,0.34523925103196806
422593661853#4006257599,0,0,0.14906427556632154
156116022807#200793780504,0,0,0.06773264234634231
4675067693#5103620556,0,0,0.23123133897710274
2113209826#4383857081,0,0,0.19647003504758026
4471449591#3067096711,0,0,0.10343583800961269
2631411093#1690392435,0,0,0.23123133897710274
3931035425#2038238117,0,1,0.5227874384931298
110628469987#4361945080,0,0,0.28371433700931425
5093302594#2064248002,0,0,0.23143926079405786
3567360966#4655336845,0,0,0.1952421435830163
1815726281#174309766992,0,0,0.18796197694116526
4657420264#4741125055,0,0,0.2535044963335427
2056662276#102790670060,0,0,0.38594958476157665
3447177264#3339264625,0,0,0.21908635345409028
1801949283#5140039711,0,0,0.2668809420196012
2111494388#2055885530,0,0,0.27436565348727787
1549865107#4259834054,0,0,0.21582426631768803
3697829010#580549064505,0,0,0.2097946119544249
5068270943#2069309301,0,0,0.1929991433795887
1799390134#2065123842,0,0,0.3500382504262545
29004068614#4953440832,0,0,0.31967947888262943
2065044531#4877425733,0,0,0.23123133897710274
4081304066#4728019061,0,0,0.25679773180680854
1657111787#336556403061,0,0,0.3669526858433118
421393369392#4506715468,0,0,0.2042683400230311
2202311541#4464225618,0,0,0.24143836948337336
3931035425#3033451903,0,1,0.8594474489251929
4464225618#2056226500,0,0,0.3657727229392862
3041214478#3991387948,1,1,0.6312457375043049
3842666513#3997184387,0,0,0.47787954896802015
2062905665#4692710195,0,0,0.2709986967987526
201557135125#4573019780,0,0,0.3270517135499746
2056662276#4966082198,0,0,0.23123133897710274
3508697475#4999395435,0,0,0.32069636828050213
1627148430#3454385494,0,0,0.439661142414738
1317769788#2059581715,0,0,0.3894548286751262
610724884856#1558134955,0,0,0.23123133897710274
2254264382#3633644000,0,0,0.2709986967987526
4450876341#2071962865,0,0,0.23123133897710274
5063243277#5061207560,0,1,0.5210912282756958
1774643505#4897934962,0,0,0.27053492859451506
3055420907#2051705675,0,0,0.21011086308211482
4939070111#4422812389,0,1,0.6384375444854917
4157401170#156275023490,0,0,0.22319992098011393
1621413330#4297587275,0,0,0.2709986967987526
3750321162#91821746394,0,0,0.23123133897710274
1920508153#292830032329,0,0,0.17866484458106055
3050036635#2121403889,0,0,0.22393835832477652
3618769182#3791242869,0,0,0.25582631288398106
4332290907#4020783867,0,0,0.4237992054167273
4866004102#123498955821,0,0,0.2709986967987526
3558421110#1365425184,0,0,0.2658659265764232
2977432095#4524049970,0,0,0.19024547064632394
4797037452#4527413574,1,0,0.490065313437166
3727406860#2061948762,0,0,0.31526107292203087
3762577896#3709911667,0,0,0.2246108455768596
3829546123#3580871898,1,0,0.12234727583325727
2007923073#4933601180,0,0,0.2267649440108789
2058207302#33614269069,0,0,0.24595591220279042
4683128574#3267793397,0,1,0.576019261895248
3831306920#1453322140,0,0,0.3376452109301146
3831306913#4450588934,0,0,0.2637895976366904
1666737679#1920508153,0,0,0.3662884829186235
3047029968#2253596483,0,0,0.3543891081690627
4289285913#86403779490,0,0,0.18500358296782635
1317769788#2055375491,0,0,0.2709986967987526
4297587275#4697095949,0,0,0.35580742788130276
2053116658#5093302594,0,0,0.1775342820722286
4206249296#3881849655,0,0,0.2983888022564039
1391516565#2064651676,1,0,0.3763085523158465
4435453955#5168776505,0,0,0.2278019475747048
161914880681#4455910772,0,0,0.23123133897710274
327318799155#4185911295,0,0,0.234034868321001
2064386479#4567238149,0,0,0.20705484283113257
4094338175#4786425036,0,0,0.18796197694116526
4264643150#3618769182,0,0,0.3377328112050959
3414226598#4442434830,0,0,0.23123133897710274
4866004102#5123172296,0,0,0.289052637290849
4607726453#135716731104,0,0,0.3427585888123329
619944752073#450099632797,1,1,0.6275525982197674
3560731752#509348036756,0,0,0.2877252389129558
323421711132#113940354812,0,0,0.3256863734918354
4144101559#1774799298,0,0,0.2709986967987526
4128826467#86403779490,0,1,0.5314991888683364
4717447491#4752061423,0,0,0.4076609286566959
4692874281#3276122697,0,0,0.21379622072937587
3072545115#4877425733,0,0,0.23123133897710274
2058968766#2065681248,0,0,0.23361408613369336
178709407236#140581144985,1,1,0.6088634803739924
91821746394#1805797094,0,0,0.27523383975579824
4737351580#2064248002,0,0,0.16591452437460746
2061392162#3826134250,0,0,0.14730596395720566
156116022807#156117170736,0,0,0.09970929929139392
4944592558#1799390134,0,0,0.24271656281033635
3558421110#144789463525,0,0,0.22040361907804334
5122767609#3806763143,0,1,0.6626077946108636
4589595603#4572590009,0,1,0.586339306627674
2048788952#3747074740,0,0,0.38782695571546005
4944592558#4527413574,0,0,0.23070250147271967
2055658829#26795163325,0,0,0.1889794589651618
5139738145#1927135903,0,0,0.19270467970066077
2977432095#1317769788,0,0,0.25893602792267223
3621961786#4754817670,0,0,0.4754472035956482
3055538941#5210078086,0,0,0.3717506643820857
156116022807#5050806766,0,0,0.22841849397877434
2072223571#6626538016,0,0,0.31953195327077094
1835570826#4658859864,0,0,0.2377984072778555
4248665066#42626234945,0,0,0.16924659563886357
82326381534#4219305678,0,1,0.6643041134595833
1500005536#3716141957,1,1,0.8695664739977309
54163692074#5080010233,0,0,0.4961058745474622
1557678768#4298712891,0,1,0.5079475838345681
3550703733#1557678768,0,0,0.2550516377617736
3500947737#3458373106,0,0,0.2235699138803119
37132781634#5214133765,0,1,0.7919168066515181
134867489837#141958417592,1,1,0.5891798609254448
3271713292#3550420996,0,0,0.33801329657473267
2062905665#4953440832,0,0,0.2853324354474685
4283743489#2057787086,0,0,0.28305315063508907
3798427322#5137789006,0,1,0.5369235176615158
4622896603#3050036635,0,0,0.23123133897710274
3052336116#3882105016,0,0,0.2709986967987526
4104893219#4264623066,0,1,0.6763733952585983
2056243161#4006257599,0,0,0.23435283350685637
2007939398#1639157122,0,0,0.1448660978629766
3046447513#2066608628,0,0,0.24606927565615916
4425600562#1918807484,0,0,0.23123133897710274
2121403889#3829368932,1,0,0.3740122782258263
5012377514#131792614672,0,0,0.24729574512412825
3514683078#3927195586,0,0,0.1712454212083399
1614486994#2071777451,0,0,0.35920514294217115
5154554715#2123088534,0,0,0.18575603334545074
1386769919#4587522516,0,0,0.13290675876126107
4450588934#42626234945,0,0,0.28305315063508907
4717447491#4295043985,0,0,0.44649973800215287
4222830447#1975046609,0,0,0.14120384794094518
1491808729#4402571427,0,0,0.4328321465343181
1415431851#2007923073,0,0,0.21965196847479873
4649420935#54501067062,0,0,0.06965896140850557
1875570795#3496790707,1,0,0.3527615377506411
3633003734#2074381365,0,0,0.37227211872862265
4332290907#4670277179,0,0,0.1304473183897901
4248665066#4970014021,0,0,0.16924659563886357
2254264382#20177117584,0,0,0.3852717167308595
1932527171#3842666513,0,0,0.3249253739797887
4699492658#3709052310,0,0,0.23123133897710274
4772914163#5168776505,0,0,0.3413953881640964
4591610567#2062281479,0,0,0.3124594246130982
4797165686#3059594160,0,0,0.22235571203464033
4538489291#4490928418,0,0,0.2097946119544249
1365425184#2128587019,0,0,0.2924937062536546
5012378353#2255999084,0,0,0.26490947377268237
4332022336#4970014021,0,0,0.2239868748134815
4658859864#4692874281,1,1,0.6680501896468064
65121698593#31577621677,0,1,0.6266979964295266
325282849432#2058670200,0,1,0.590086973161343
65121698593#107766860234,0,1,0.7417459895782944
3781728770#2314435227,0,0,0.22040361907804334
3042388146#4489623613,0,0,0.16977317489997484
3622118220#2152113149,0,0,0.23123133897710274
1303430936#4439261965,0,0,0.23123133897710274
2059019411#5182358949,0,0,0.09842359421918737
4157495788#4259834054,0,0,0.2909971189958607
4913620658#3339753670,0,0,0.24589157582901663
4862162402#4557843865,0,0,0.4317123538844953
138649305625#159824143431,0,0,0.2709986967987526
4391848279#4683128574,0,1,0.5798506204020843
4185911295#4175179647,1,1,0.9365257863950819
1813034413#1557678768,0,0,0.2535044963335427
4429293356#4509579066,0,0,0.23123133897710274
5031485182#5098221599,0,0,0.23123133897710274
2074538866#1671094707,0,0,0.23005792203954648
5166622275#1848079063,0,0,0.3562877855324625
3447177264#5067110667,0,0,0.45271254992853355
1558033867#407921450268,0,0,0.2910869364005159
325294719982#4958009936,0,1,0.501045431448412
39450581767#2112093012,0,0,0.2942552525032459
2063850988#3708976648,0,0,0.2898503724097526
3618769182#4264534612,0,0,0.3412544141232694
4464267701#4797037452,0,0,0.23080032597518543
4720390052#4489623613,0,0,0.23123133897710274
4732077222#1842010241,0,0,0.21003462518121385
34523829000#54501067062,0,0,0.10604568413292391
2063587581#49475347464,1,0,0.4611218203532296
5062878913#3844463116,1,1,0.6450413863281089
1415431851#124996165291,0,0,0.21262318979253086
3636255407#42626234945,0,0,0.05160782149194974
4111669223#5214133765,0,0,0.4442869488850793
3514683078#3791242869,0,0,0.23123133897710274
1497894212#2064248002,0,0,0.23595730963077066
15721336763#2253596483,0,0,0.27581935113046413
4933601180#1768955738,0,0,0.24143836948337336
4219305678#4730592514,0,0,0.23123133897710274
4730592514#2063877224,0,0,0.3413953881640964
4866004102#47066263949,0,0,0.3153559384940378
91821746394#5174571094,0,0,0.23123133897710274
1923282767#3249351499,0,0,0.2564879759497083
5093302594#5080010233,0,1,0.6687245602491012
1565918483#1829096346,0,0,0.155253044902714
3697829010#110628469987,1,0,0.4595328262139459
4696335646#2062870562,0,0,0.24135986159214337
4991881551#20177117584,0,0,0.32679098653900795
2069194582#4075881990,0,0,0.31102323684965816
2081310427#81226585052,0,0,0.171143577894994
97378088946#94446712413,0,0,0.23123133897710274
327318799155#33614269069,1,1,0.6588624716057625
4628600663#4913743600,0,0,0.18786842746331334
38189434441#1485299013,0,0,0.1350071516724677
5006683632#34523829000,0,1,0.6668249763472421
4483699071#4257137636,0,0,0.23123133897710274
3447177264#1842010241,0,0,0.23123133897710274
4478450396#2336161523,0,0,0.2723712253575352
3055420907#1765964136,1,0,0.4056740360856356
3560731752#4578818238,0,0,0.1618911857042096
2168053392#4589595603,0,0,0.2859845405808848
4478450396#4439261964,1,1,0.6346922243403171
5130795772#4692874281,0,0,0.1201912572625825
336556403061#444631792208,0,0,0.18605423714315333
4274157585#3059594160,0,0,0.2471999765978029
2074538866#3339753670,0,0,0.2058941918338706
3990733484#1639256138,0,0,0.32114880306339066
1774643505#3882105016,0,0,0.08121040367590762
2554762874#556384743931,0,0,0.21965196847479873
4128826467#3558421110,0,0,0.4746412447431073
1768784044#4673696842,0,0,0.23123133897710274
2108617570#2199558280,0,0,0.18824833035697072
2112609950#3114734058,0,0,0.23123133897710274
54163692074#4206008942,0,0,0.23123133897710274
4167169697#113560958124,0,0,0.18488838128453763
2062905665#54501067062,0,0,0.2709986967987526
3927344890#5051911276,0,0,0.20032568540234053
4676945807#156275023490,0,0,0.13951296940047783
1639330963#2065123842,0,0,0.2419030345373834
4062216502#8431816618,0,0,0.4583338500362719
4420214504#2048788952,0,0,0.2721456905388188
4478450396#3067096711,0,0,0.38551492906564244
18467089718#38189434441,0,0,0.2936513761211339
4116721553#138961536981,0,0,0.23081407846476454
4094338175#3047029968,0,0,0.2424219283854977
3417328243#4913620658,0,0,0.23123133897710274
3598854563#2058737730,0,0,0.32479058946222955
4514169068#4786425036,0,0,0.23123133897710274
1374712246#2114341514,0,0,0.38864960188260067
2058849144#1835573063,1,1,0.6519450579164415
3795870790#3991387948,0,0,0.3795338946942547
86403779490#3927195586,0,0,0.2709986967987526
1861556379#3082192822,0,0,0.205715953928977
2065643741#4040861140,0,1,0.5128239634594504
2054786962#4804861605,0,0,0.22393835832477652
49450621842#3797481052,0,0,0.23641787988199972
1303430936#4538489291,0,0,0.23123133897710274
3618222408#1920508153,0,0,0.4827830087003147
3762577896#3708433646,0,0,0.19513454638187333
1775476124#5186378802,0,0,0.2585979553246455
4348498011#1690392435,0,0,0.31855379599129613
3636255407#1773082332,0,0,0.22955880115967228
2062066566#3618769182,1,1,0.8040420815665791
2061948762#4526600536,0,0,0.34853850273462816
4670902580#3911660194,0,0,0.23359089773015354
200793780504#156117170736,0,0,0.09501871612590154
3508697475#4676620606,0,0,0.23123133897710274
3826134250#5075179730,0,0,0.34216449790036546
37372627174#5021492854,0,0,0.22393835832477652
5214133765#174309766992,1,1,0.686281803931203
3995939780#1560897004,0,0,0.21994964903108763
1920508153#113560958124,0,0,0.1977389533060802
1639330963#1374712246,0,0,0.3646978212668999
80056558706#4133854035,0,0,0.38292082475938055
407921450268#437850700068,1,0,0.3204939986662686
2055375491#4572590009,0,1,0.5059896010793038
3986635625#3797469476,0,1,0.5973663132629767
3835278364#4391848279,0,0,0.23123133897710274
1645442429#4635983959,0,0,0.4359237804303023
1802113995#3239345949,0,0,0.23123133897710274
1818219339#82326381534,0,0,0.23123133897710274
135716731104#4742632507,0,0,0.3427585888123329
3881831374#4623176202,0,0,0.23123133897710274
4737466020#4077259221,0,0,0.19210223747665087
3967281611#191401378376,0,0,0.3544583327619175
4144101559#3897875146,0,0,0.23123133897710274
4683128792#5137789006,1,1,0.7402349985620228
2631411093#5103624144,0,0,0.23123133897710274
4360817571#4541989646,0,0,0.28454592867354406
4786425036#4464267701,0,0,0.23123133897710274
4527413574#4040037171,0,0,0.255612496307144
4635983959#3579464172,0,0,0.17542204749312823
3645501595#2168053327,0,0,0.2764728260199954
3747074740#4939070111,0,0,0.20744073544025135
4443083796#4475471841,0,0,0.23123133897710274
2053826326#2071777451,0,0,0.23123133897710274
4749417182#1784010637,0,0,0.23123133897710274
3882105016#3973290911,0,0,0.23123133897710274
4934926045#107140664995,0,0,0.14972106410377362
4348498011#2065123842,0,0,0.33261785314997044
1974801707#2055658829,0,0,0.16524409675078236
336556403061#4991881551,0,0,0.3987350816874043
2037039871#4603499681,0,0,0.3140171505528223
4161800645#4866004102,0,0,0.3163897026404117
4165241952#4643643168,0,0,0.18591757220117083
4603499681#3973290911,0,1,0.7157618361757488
85384061690#160443202314,0,0,0.27170582844474084
1391516565#1415431851,0,0,0.3059879216187446
4628982425#4128826467,0,0,0.28410014197730915
4272798975#4999395435,0,0,0.16692195090004697
178471540370#1844986349,0,0,0.18175835860557726
325282849432#1875570554,0,0,0.23123133897710274
1950837411#5006683632,0,0,0.20502480718322494
178471540370#1829096346,0,0,0.0933737645333877
1415431851#3059594160,1,0,0.46589016258299526
1882915934#2199558280,0,0,0.23123133897710274
4851639047#4696335646,0,0,0.23123133897710274
2123088534#3709911667,0,0,0.23123133897710274
3881849655#4248665066,1,1,0.6966447462342835
4256271098#77921648746,0,0,0.1383301469328778
4649420935#366875248163,0,0,0.23123133897710274
1690392435#5006701140,0,0,0.23123133897710274
323421711132#4220489232,0,0,0.27818356607588557
4020783867#3753647572,0,0,0.23123133897710274
4606732629#4676620606,1,1,0.6741008658742145
1721812143#3633003734,0,0,0.4210059786899381
1918807484#2720191918,0,0,0.4524793592469009
2075117106#4361945080,0,0,0.3808639306909294
5139738145#4804861605,0,0,0.22393835832477652
1497894212#4499122001,0,0,0.19629179172681613
4081080882#4111669223,1,0,0.33737711409847093
25271558033#4862162402,0,1,0.7221044793628102
4780848531#5182358949,0,0,0.23123133897710274
1502392118#4162025424,0,0,0.32679562248849126
24789176545#3727406860,0,0,0.23123133897710274
3538444870#3491525687,0,0,0.23123133897710274
4530039449#5092340558,0,0,0.22040361907804334
1441677912#4450876341,0,0,0.22040361907804334
3945392968#5059287828,0,0,0.20186949958543082
1303430936#4623176202,0,0,0.23123133897710274
4144101559#2065240489,0,0,0.18035415121977796
4524027950#4570880462,0,0,0.2550134112206706
3067096711#3395210543,0,0,0.42481379626910915
4144101559#1773082332,0,0,0.33963937498833413
3435281641#2136848057,0,0,0.4575745093335274
2054953236#1487676783,0,0,0.2493157979330633
4728019061#4786425036,0,1,0.5858666058373535
4958009936#3770199438,0,0,0.23455726185767609
1805797094#1788281024,1,1,0.7520043039172813
4219305678#5012377514,0,0,0.4019064260356245
4241504041#3966652517,0,0,0.23123133897710274
4446783969#3913210887,0,0,0.23123133897710274
2205022736#4161800645,0,1,0.664809243447854
336084797451#3794197830,0,0,0.2879311650968171
1639157122#1639256138,0,1,0.634626345163862
68208094552#1423111094,0,0,0.23123133897710274
3897707450#3249351499,0,0,0.3871931606606303
5045583576#30229648606,1,1,0.7016299276684347
5111591626#3849754958,0,0,0.3315160007403511
2720191918#441422692319,0,0,0.21011086308211482
2134805159#4420214504,0,0,0.12645245937302085
110628469987#580549064505,0,1,0.5353195240058852
3041214478#2045215940,0,0,0.23123133897710274
610724884856#4612325788,0,0,0.23123089213614967
3055538941#427593909142,0,0,0.1853899939909655
4489623613#107140664995,0,0,0.21439434050080572
4696140824#4167169697,0,1,0.6304046380198667
8431816618#4161800645,0,0,0.19099403198798004
4626053521#4730592514,0,0,0.23123133897710274
4256271098#117756682724,0,0,0.2991375170963382
2119447541#3881849655,0,0,0.23123133897710274
2061892659#4699492658,0,0,0.2236319212082029
4590516019#3077676449,0,0,0.21280669908987587
3842666513#2123088534,0,0,0.33423585026789276
2062832759#1326203809,1,1,0.5680658177307926
283482842835#3991387948,0,0,0.28305315063508907
38189434441#3806763143,0,1,0.6751786358893637
327540253581#1407873390,0,0,0.23123133897710274
451081926345#3697829010,0,0,0.3863396825865957
4478450396#4433126615,0,0,0.3510277581658508
2119475368#2011135203,0,0,0.26933987474192694
48901612818#4966082198,1,0,0.2869942142093699
4075881990#4095826594,1,1,0.6952169274305191
3818902471#3826206182,0,0,0.24387115740863982
4536425461#4855531635,1,1,0.5613731187003881
3055420907#3072545115,0,0,0.3699388035709069
1634624894#4391848279,0,0,0.22065151445241377
18465850062#4272798975,0,0,0.30073107949428557
4737466020#2056848620,1,0,0.45253735280374474
4499122001#4939070111,0,0,0.17360254914921308
1774643505#3927195586,0,0,0.2724448617058894
4839116665#18465850062,0,0,0.2632709122907698
4934926045#4282080167,0,0,0.24760365300196724
4464225618#1441677912,0,0,0.33184404792414096
2063850988#3276122697,0,0,0.23709193750806534
1386618246#2202311541,1,0,0.46795118490317356
4345891873#1321409006,0,0,0.25937274923133136
80056558706#5006683632,0,0,0.25788695224703184
4882622259#5059287828,0,0,0.16970960445524866
4475471841#2061892659,0,0,0.18023461558261566
1402158617#4289285913,1,1,0.8396117084769716
4175179647#5099092267,0,0,0.19698645768022063
2108617570#509348036756,0,0,0.2786174034824784
113940354812#4433126615,0,1,0.5631525735859099
4075760647#4346589693,0,0,0.2461489554035989
1623108666#4817865335,0,0,0.1413299363952076
4589595603#1407873390,0,0,0.21011086308211482
4206008942#1557678768,0,0,0.3377449443309652
4165241952#59051760061,0,0,0.2317687636588829
2037039871#4572223100,0,0,0.26465840912764244
141958417592#436506547782,0,0,0.27025092354972713
4527413574#3883531558,0,0,0.20165156396345923
1639256138#1639155385,0,1,0.5427122193022536
4612325788#3033451903,0,0,0.13714495331709303
3914990489#113940354812,0,0,0.24382764952430794
2067590020#2111616240,0,0,0.2395616001690796
2074381365#2011422795,0,0,0.23123133897710274
2111999386#4045102508,0,0,0.33728272825312183
4570880462#4522343644,0,0,0.2550134112206706
2053553978#3454385494,0,0,0.17801593410420133
4622896603#4607726453,0,0,0.2169283667579244
1701262215#3967289494,0,0,0.2622182190380694
2061309589#3046735232,1,1,0.9074335653020373
4683128695#4391848279,0,1,0.5595210973798038
332289128117#3046734634,0,0,0.24495065517478834
4298712891#4127765656,0,0,0.4683218835381787
2134805159#3033451903,0,0,0.2873707378899607
4142253323#3491525687,0,0,0.24949551191670996
4346589693#3897707450,0,0,0.3304854546053226
37132781634#5122767609,0,1,0.8637346048009764
2078630441#140581144985,0,0,0.27297302110815247
4720389596#3491525687,0,0,0.24949551191670996
4283743489#3770309546,0,1,0.6299317420914091
179195001984#5111591626,0,0,0.24143836948337336
1788281024#4144101559,0,1,0.5721804525073856
325294719982#60502455786,0,1,0.602573156664456
2147527944#1768784044,0,0,0.20292767888029856
422592070627#4741125055,0,0,0.2709986967987526
4572223100#1431841097,0,0,0.17722966642890878
201180045587#4587522516,0,0,0.23226582683232366
3041214478#3795870790,0,0,0.3832516646512297
60502455786#2873066884,0,1,0.5811949169275052
2115121510#1671507912,0,0,0.13029713871868606
1386769919#1423111094,1,0,0.49617583923427633
2053826326#1801949283,0,0,0.23123133897710274
3551736332#2060056771,0,0,0.25666861344395747
4706331170#4167169697,0,0,0.30933857486635247
4058724297#1487676783,0,0,0.45000730555481744
4567238149#1801949283,0,0,0.24386631030153139
3299466058#1639157122,0,0,0.24576608058335825
1548025566#201180045587,0,0,0.1879787416131453
2111616240#5041514024,0,1,0.8989990109376057
3276122697#4852065333,0,0,0.42658516090515036
1788281024#4165241952,0,0,0.18092869418597787
4441067158#4313472390,0,0,0.22652077652823752
4797165686#4971996310,0,0,0.2287175941375596
4095826594#4717447481,0,0,0.37528523004091013
20248125819#2065240489,0,0,0.23123133897710274
4591568435#3937803478,1,1,0.68336052668786
2078830490#2112308266,1,1,0.5267581254955269
91821746394#4530039449,0,0,0.22040361907804334
4683128792#3267793397,1,1,0.7708590188259099
4185911295#2123105045,0,0,0.23123133897710274
2111616240#68208094552,0,1,0.5412329451095248
5051911276#4958009936,0,0,0.2630714452633568
444631792208#1657111787,0,0,0.29491588476938574
4473639064#2007961164,0,0,0.2855795694746038
1639256138#1401982372,1,1,0.8828608366749571
1848034697#4939070111,0,1,0.7705772455345204
33614269069#4603499681,0,0,0.23123133897710274
4547354791#4091678032,0,0,0.256997273740944
5168776505#4196598949,0,0,0.2784947137451641
4557843865#2108617570,0,0,0.23123133897710274
2134510956#3945405605,0,0,0.32115975949980496
436506547782#4159031604,0,0,0.392591204553976
2338797804#4332290907,0,0,0.20385537479066745
123498955821#3267338671,0,0,0.30562776791617624
1645442429#1639373514,0,1,0.568181780389796
4589595603#2168053327,0,0,0.24018906836615453
4111669223#4966082198,0,0,0.2634630119442582
4855192008#4944740006,0,0,0.16081408938308417
3249351499#4622896603,0,0,0.23123133897710274
4999395435#4348498011,0,0,0.13772700903044774
3990733484#3055420907,0,1,0.6249294276058965
58971109124#14613512425,0,0,0.20675122437549645
2255999084#2199558280,0,0,0.3265628721493188
3447177264#4132736065,0,0,0.35965152824630775
3622118220#2146884621,1,1,0.642439621994858
1614486994#3435281641,0,0,0.3660707934263463
3747074740#3937803478,0,0,0.3206113610214194
2070119945#3514683078,0,0,0.23123133897710274
3435291193#1627148430,0,0,0.23123133897710274
97378088946#4075881990,0,0,0.17227309936240365
439640898475#4127765656,0,0,0.25970746789619353
3794197830#4763332016,0,1,0.5702640504504588
2067590020#4589673799,0,0,0.15124147679635858
3551045844#366875248163,0,0,0.23123133897710274
4590104087#4934926045,1,1,0.6944262430302395
5050806766#5098221599,1,1,0.7930079213132509
3937983666#4720454712,0,0,0.30360757613184614
3276122697#3826206182,0,0,0.3080529125572679
4264656619#4264643150,0,0,0.3772899901168356
80056558706#189641559770,0,1,0.6113139089428301
141958417592#2074381365,0,0,0.23123133897710274
1657111787#4206160273,0,0,0.29867757084651964
1548025566#4466060368,0,0,0.21272917916822282
3550420996#4075760647,0,0,0.20586348619041805
1835570826#4219305678,0,0,0.4865699967696664
4797165686#33827094730,0,0,0.21585170197074194
5182358949#276403558061,0,0,0.26097156193096677
4441067158#4935513479,0,0,0.2917943860263361
4657375255#5062878913,0,0,0.22040361907804334
1321409006#4433126615,0,0,0.22103534556844212
2128587019#1548025566,0,0,0.3097410790380115
123498955821#4824169309,0,0,0.35057654858031556
1565918483#2054656607,1,1,0.6518106174551296
4958009936#4446783969,0,0,0.23123133897710274
4635983959#550633511658,1,1,0.564136581711897
3945392968#2066608628,0,0,0.2823052960081143
4570599868#4424218136,0,0,0.23123133897710274
580549064505#1701262215,1,1,0.7524755825749581
5214033793#2061110696,0,0,0.16140102844163184
2058434584#1752843168,0,0,0.21011086308211482
4726348614#5130795772,0,0,0.23123133897710274
2060056771#2062066566,0,0,0.11013345118598848
4717447491#4603499681,1,1,0.8721667131370174
4862162402#1789407336,0,0,0.18305607715594777
102790670060#107766860234,0,1,0.5268279118269451
3633644000#2064229512,0,0,0.27202460023051317
2064049724#3500947737,0,0,0.21252295826249945
4683128574#4683128693,0,0,0.1630137703544437
1639330963#1639157122,0,0,0.47387985890748363
1369866993#2058434584,0,0,0.30571091019199403
3882105016#336084797451,0,0,0.20867297071033036
3514683078#1782375467,0,0,0.2706531238096593
4578818238#3467678421,0,0,0.37436055723058714
4006257599#2065240489,0,0,0.25640730916534654
37372627174#296646328589,0,0,0.19595915827895474
5006701140#5025769096,1,0,0.3474800327385523
4797037452#5061207560,0,0,0.23123133897710274
4435453955#4732077222,0,0,0.20705484283113257
5214349442#2056050973,0,1,0.7423810136733233
3791242869#3935465939,0,0,0.46412401505550543
4450876341#1975046609,1,0,0.33965271548801
49450621842#2063850988,0,0,0.36432036552384334
2055878959#3826206182,0,0,0.21853925602570382
5115124673#3567360966,0,0,0.07153410871495428
39450581767#3467678421,0,1,0.5322648089670455
138961536981#4520440216,0,0,0.23475798690345268
33614269069#4478450396,0,0,0.355812372986371
81226585052#5021492854,0,0,0.22393835832477652
5025769096#5140039711,0,0,0.20744073544025135
2168053392#2168049313,0,0,0.3037979025961234
2056226500#1768955738,0,0,0.23123133897710274
2720191918#422593661853,0,0,0.317162782350379
113940354812#124996165291,1,1,0.7563617055857803
107140664995#138961536981,1,0,0.30982921068906877
1565918483#556384743931,0,0,0.156187482399701
1491808729#2071777451,0,0,0.35920514294217115
1726849895#2070119945,0,0,0.23123133897710274
4643643168#4464267701,1,1,0.5486597972444502
4676620606#4587249322,0,0,0.20749891044799537
4161766533#91821746394,0,0,0.23123133897710274
4302208677#1312951134,0,0,0.371399666440799
1927135903#2554762874,0,0,0.2886135125985485
5140039711#14920393984,0,0,0.2097946119544249
38189434441#325294719982,0,1,0.5343333203790256
3511353262#4450588934,0,0,0.28625103603471114
1588330803#3937983666,0,0,0.23123133897710274
1950837411#5068270943,0,1,0.6000310939345675
4040861140#1633175276,0,0,0.23123133897710274
1789407336#1666737679,0,0,0.24070958723760408
4720442113#4720454712,1,1,0.8412215296980661
1502392118#1726849895,0,0,0.2535044963335427
110628469987#4970198147,0,0,0.23123133897710274
4692710195#1500005536,0,0,0.2271467439018947
124996165291#4433126615,0,0,0.33523192992123285
2063850988#3762577896,0,0,0.22457357210526122
2056848620#1453322140,0,0,0.28861308181929135
86403779490#4697095949,0,0,0.27436565348727787
2554762874#1818219339,0,0,0.21011086308211482
3202650162#2065123842,0,0,0.276369521582064
2045215940#2045415682,0,0,0.27776331342918786
4639874115#30229648606,0,0,0.20744073544025135
4402571427#4219305678,0,0,0.4332879250059219
26795163325#1774643505,0,0,0.17396670020325875
3414226598#3986635625,0,0,0.2502842056531436
3806763143#5122767275,0,1,0.5998245460025861
4548887380#4913756270,1,1,0.84389734513835
4730592514#2075416377,1,1,0.9321121619852464
1775476124#5025769096,0,0,0.20744073544025135
4142253323#423255649219,0,0,0.2011429291422343
3707436708#3797481052,0,0,0.2655848505634568
4635983959#407278558983,0,0,0.1117557883788934
509348036756#439640898475,0,0,0.26238553471510045
2067590020#3276122697,0,0,0.2699497041959548
3580871898#2064049724,0,0,0.1709520852809489
3997184387#3002379949,0,0,0.28019796703355837
2065681248#161914880681,0,0,0.3778449889333916
1319732582#4851625903,0,0,0.23123133897710274
3205210115#2119475368,0,0,0.26190142418419804
4242576131#5115124673,0,0,0.2918601377998555
6626538016#1785437365,0,0,0.3420573331414692
3053961277#3043492443,1,1,0.6951062992405516
3935465939#3435281641,0,1,0.5536894766336075
2446874502#4657375255,0,0,0.35856605768050104
3997184387#18956333945,0,0,0.3143124335568463
3060159815#3046734634,0,0,0.3027531073415481
4548887380#5122767609,0,0,0.3233153067278742
4361532031#3862296444,0,0,0.48840705832602094
4675051825#178471540370,0,0,0.21272917916822282
4658859864#5214349442,0,1,0.7559728804596193
2081310427#1537713149,0,0,0.1974409298939505
4639874115#4483699071,0,0,0.39676110850080804
1829096346#2147527944,0,0,0.20992962033915036
5012377514#423255649219,0,1,0.7379496830554931
4020838298#1537713149,0,0,0.3177759155134892
3551737148#1802608944,0,0,0.25443980371737857
4658859864#4435453955,0,0,0.23123133897710274
3538444870#189641559770,0,0,0.3332250374940404
3652204966#4808412950,0,0,0.09438529661132411
1431841097#3508697475,0,0,0.23123133897710274
336084797451#4862162402,1,0,0.3961678699155995
20177117584#3708433646,0,0,0.23123133897710274
2134510956#1666737679,0,0,0.23123133897710274
4991881534#4991881551,0,1,0.8306920988877656
3897875146#4650344731,0,0,0.2243933775133646
485901844230#178251297462,0,0,0.24495065517478834
5140039711#2121552363,0,0,0.2709986967987526
4435546738#3055420907,0,1,0.5746191798530637
1485342380#2007923073,0,0,0.37203652455706904
1671094707#49450621842,0,0,0.22040361907804334
4205995308#1487676783,0,0,0.3492213518848601
4243154090#2136848057,0,0,0.1829443039679212
2055375491#4541989646,0,0,0.27398653356991587
4264656619#4264534612,1,1,0.6030806340238895
5140039711#5031485182,0,0,0.23123133897710274
4772914163#5103624144,0,0,0.3413953881640964
4826662409#4622896603,0,0,0.23123133897710274
2115186615#18956333945,0,0,0.2128330457875522
2069194582#2977432095,0,0,0.22393835832477652
296646328589#3709052310,0,0,0.2873447913673148
2074538866#2064386479,0,0,0.2058941918338706
421393369392#1752843168,0,0,0.3112884524370583
60502455786#140581144985,0,0,0.2917146438799066
164316289384#2071777451,0,0,0.23123133897710274
5140039711#2053826326,0,0,0.23123133897710274
1875570795#4970014021,0,0,0.26062597087732775
3046734634#3826134250,0,0,0.3017680557886841
2399396768#4524027950,0,0,0.23479501150868584
5168776505#4650344731,0,0,0.3413953881640964
2058434584#1816678631,0,0,0.3408677016312487
132075514370#2446874502,0,0,0.19833144532534933
4737466020#3339753670,0,0,0.28730499797186454
123498955821#3447177264,0,0,0.30562776791617624
4081304066#2058968766,0,0,0.2922394355802596
2146884621#199104051031,0,0,0.23123133897710274
52473443269#3927344890,0,0,0.24034743805217115
3707436708#2063850988,0,0,0.3124448193660379
4787160203#4804861605,1,1,0.6445243810572077
4720454712#4572590009,0,0,0.23123133897710274
4420214504#4391848279,0,0,0.2667339464075154
3046735232#3598854563,0,0,0.3644209199290031
4730592514#2060056771,0,0,0.23123133897710274
3633003734#2072223571,0,0,0.24143836948337336
1806390048#2065123842,0,0,0.23123133897710274
3747074740#3202650162,0,0,0.29110697159132815
5012378353#1309241824,0,0,0.23123133897710274
2007923073#4127765656,0,0,0.2038778107668758
423255649219#238810853483,0,0,0.159183750610358
2336161523#412056568264,1,0,0.2550898390933284
4383857081#4348498011,0,0,0.26495599863772884
3339753670#4590318667,0,0,0.24732607503429793
38189434441#3764168689,0,0,0.2248228032002979
4655336845#134867489837,0,0,0.32854209783157634
8431809688#5012377514,0,0,0.1605148106627338
123498955821#2070119945,0,0,0.23123133897710274
1848110456#1848079063,0,0,0.23123133897710274
5059287828#4626053521,0,0,0.19949336848140767
5210078086#96464483573,0,0,0.23123133897710274
4933601180#2075416377,0,0,0.2092189042115545
80056558706#3239345949,0,0,0.49764385977419107
4991881551#4297587275,0,0,0.24198008814958902
4591568435#1500005536,0,0,0.13919011432166745
3818902471#4490928418,0,0,0.34355119817845514
427593909142#416910186231,0,1,0.6193780230473372
4650344731#4772914163,1,1,0.7652364183244393
1657111787#4991881551,1,1,0.5890502820515631
3708548775#3713044717,0,0,0.3968776628560981
5214133765#4081080882,0,0,0.29513788598057356
4439261964#3067096711,0,0,0.3333566878911403
451199299348#4628982425,0,1,0.5029625048454609
2058737730#2062066566,0,0,0.31467243619990154
1690392435#1402158617,0,0,0.2253696089704064
2064651676#3801970394,0,0,0.1924914497258396
4522343644#3995882585,0,0,0.23123133897710274
4737466020#4913743600,0,0,0.23123133897710274
3067096711#1835573063,0,0,0.3629825152577397
3205210115#1386769919,0,0,0.23123133897710274
4529952057#2057667662,0,0,0.26059512641984844
1558033867#4628657238,0,0,0.22349465531845275
2111616240#5045583576,0,0,0.23123133897710274
5051911276#5099092267,1,1,0.5734674770037548
2070119945#4348498011,0,0,0.18690672412488638
3491525687#3781728770,0,1,0.5588234762994776
361430891904#3621961786,0,0,0.22040361907804334
4717447491#3973290911,0,0,0.4347313926520902
4222830447#4175179647,0,0,0.23123133897710274
5168776505#2063850988,0,0,0.3444465370863603
3124123344#580549064505,0,0,0.23247787427589242
1748267407#1829096346,0,0,0.31384974489993306
4624558262#2055553125,0,0,0.21276981430399974
407642705986#3844463116,0,0,0.31987207731005024
1748267407#4248665066,0,0,0.23123133897710274
160443202314#4283743489,0,0,0.23123133897710274
4639814245#4675067693,0,0,0.2834632481717837
4657375255#1485342380,0,0,0.21388486742290239
3829368932#3580871898,0,0,0.2304787078667299
5093302594#3621961786,0,1,0.5643098073421833
4541989646#556384743931,0,0,0.2319499313618853
4111669223#4222830447,0,0,0.15308065920615233
4628600663#3945392968,0,0,0.23123133897710274
4435542241#191669250041,1,0,0.44481593170004674
5093302594#5027483278,0,1,0.8493865671024157
3934620391#5174571094,0,0,0.21965196847479873
4587249322#4628600663,1,1,0.6456794000488969
4730881018#1690392435,0,0,0.223209382190376
2038238117#2067590020,0,0,0.3668193612911533
4426887495#4439261964,0,0,0.23123133897710274
44044455454#1932527171,0,0,0.4079103454779718
1974801707#4797165686,0,0,0.4674244539764874
3967281611#4195846379,0,0,0.23444781786994226
2063077902#4442434830,0,0,0.18456409842315918
4626053521#4658859864,0,0,0.29802132458348773
3831306916#1416247746,0,0,0.1934283713441834
1788281024#1927135903,0,1,0.5588919822510782
60502455786#4264643150,0,0,0.24808501484516673
1816678631#138961536981,0,0,0.22040361907804334
4466060368#2072223571,0,0,0.21272917916822282
4478450396#4951787412,0,0,0.23123133897710274
1765964136#4161766533,0,0,0.32948049523577044
5174571094#3791242869,0,0,0.23123133897710274
2055885530#3267338671,0,0,0.24699626654155724
2115186615#3339753670,0,0,0.28305315063508907
3043492443#4587249322,0,0,0.23123133897710274
4855192008#3435281641,0,0,0.23123133897710274
42626234945#4591568435,0,0,0.18765011830364417
35840895191#2119475368,0,0,0.2118177226526961
156117170736#3042388146,0,0,0.19028097885266237
4455910772#4478450396,0,0,0.38551492906564244
4282239841#4706331170,0,0,0.23123133897710274
407642705986#4944740006,0,0,0.23400988343153994
1485299018#1485299013,0,1,0.8018206896804534
1441677912#34523829000,0,0,0.17584539968609775
1927135903#1782375467,0,0,0.2742061557447417
4628982425#20177117584,0,1,0.7100581822237053
2045415682#2064386479,0,0,0.1997099286738698
2061392162#2199558280,0,0,0.17333504960241838
4464241165#4797037452,0,0,0.23080032597518543
3580871898#4913620658,0,0,0.23123133897710274
4692710195#5210111592,0,0,0.23123133897710274
2168053392#325282849432,0,0,0.2709986967987526
54353744279#423255649219,0,0,0.17237207867400633
4958009936#2399396768,0,0,0.16817673945109038
4606732629#4628600663,0,0,0.20749891044799537
2056226500#2055553125,0,0,0.36406063840028363
2058968766#3056436716,1,1,0.8558862740538525
4361532031#2932008834,0,1,0.5379132474727898
4433126615#4843658030,0,0,0.3510277581658508
3713044717#3708433646,0,0,0.25006705749814123
160443202314#4877425733,0,0,0.32869538121369185
4161800645#2060227695,0,0,0.2097946119544249
4658859864#80056558706,0,0,0.14698191192305965
3454385494#4499122001,0,0,0.23123133897710274
2078630441#412056568264,0,0,0.2799403804322097
3249351499#1875570554,0,0,0.3834734571512156
2059194324#4248665066,0,0,0.17737347294596637
1844986349#189641559770,0,0,0.05037051673915393
498980611251#4439261965,0,0,0.21689388450463934
4655336845#3945392968,0,0,0.2492649821289912
4897934962#2631411093,0,0,0.23123133897710274
48901612818#2070081045,0,0,0.2739259694995249
4657420264#29004068614,0,0,0.21405602626145037
1975046609#5098221599,0,0,0.26275182894910654
156116022807#5140039711,0,0,0.1355331065178463
4572223100#4732077222,0,1,0.7184712481475622
159824143431#5051033030,0,0,0.23123133897710274
4675092479#4219781519,0,0,0.1390346891936393
1844986349#54501067062,0,0,0.08260019168844766
4222830447#4953440832,0,0,0.2327969761720965
2058737730#3967289494,0,0,0.22792734719594732
3633003734#2058881485,0,0,0.3493530130414319
4619843239#42626234945,0,0,0.23123133897710274
4730592514#1472057121,0,0,0.23123133897710274
4657420264#4913743600,0,0,0.12507884432109334
174309766992#5166622275,0,0,0.23123133897710274
2067590020#1875570554,0,0,0.23123133897710274
5006683632#5111591626,0,0,0.35215323112656705
1472057121#2045415682,0,0,0.3748468840066646
4490928418#1920508153,0,0,0.27436565348727787
4426887495#2146884621,0,0,0.23123105698682675
2007939398#4541989646,0,0,0.3368346917309759
1537713149#3435291193,0,0,0.31115542114837713
422593661853#4578818238,0,1,0.591632882797823
1768955738#2202311541,0,0,0.24143836948337336
3047029968#2061309589,0,0,0.21897431658000144
2063877224#3467678421,0,0,0.3133803774179373
179195001984#2044195515,0,0,0.28421767272627313
1784010637#2074381365,0,0,0.23123133897710274
3727406860#2058385981,0,0,0.23123133897710274
4939070111#49450621842,0,0,0.22040361907804334
1737790248#26795163325,0,0,0.2887983659590719
3927195586#4697095949,0,0,0.2713367230959344
39450581767#97378088946,0,1,0.6818917640682407
1799390134#1950837411,0,0,0.23123133897710274
3551737148#14613484963,0,0,0.18500358296782635
2359147867#4127765656,0,0,0.24835757545712503
2058670200#2057667662,1,0,0.23346109019895642
1491808729#3046812325,1,1,0.604014499076987
4383857081#3508697475,0,0,0.19376621579550776
1875570795#323299606725,0,0,0.23123133897710274
4524049970#4530039449,0,0,0.22040361907804334
4433126615#4737351580,0,0,0.3178652284039102
2168049313#4589595603,0,0,0.24475642747949006
1485342380#325282849432,0,0,0.45423763274876866
1672066227#1818219339,1,1,0.6262183573233904
48861374884#1321408657,0,0,0.3271215778408584
1918807484#4162025424,0,0,0.23123133897710274
323421711132#138691630850,0,0,0.2544473031418588
4991881534#444631792208,0,0,0.3745462833275682
23700156902#2057787086,0,0,0.20744073544025135
1813034413#18466375636,0,0,0.12637147964996417
2056662276#4116721553,0,0,0.37123300534634185
3781728770#3459782364,0,1,0.6591769448742911
336556403061#1472057121,1,0,0.3791293171296933
1918807484#4797165686,0,0,0.23123133897710274
2205022736#343207691350,0,0,0.2929347592799537
3931035425#4676945807,0,0,0.42303651844780527
4675067693#4676620606,0,0,0.28136347024820896
3395210543#1802608944,0,0,0.3974792738405165
5140039711#4787160203,0,0,0.30116564991797407
191669250041#3444192698,0,0,0.23123133897710274
5165641659#91821746394,0,0,0.23123133897710274
2065240489#4206008942,0,0,0.34928198504326285
3875487514#2059840221,0,0,0.21188290724385506
3753647572#5092340558,0,0,0.27523383975579824
4655210982#4424218136,0,0,0.2540820710742711
4038779740#3508697475,0,0,0.3206113610214194
4951787412#2058434584,0,0,0.23123133897710274
437850700068#1386618246,0,0,0.23123133897710274
3502505322#4135061499,0,0,0.23123133897710274
276403558061#4020838298,0,0,0.3924068873987777
4548887380#49450621842,0,0,0.23123133897710274
4010670765#3937983666,0,0,0.4418833741988091
3053961277#2074538866,0,0,0.23123133897710274
3806763143#2050811813,0,0,0.2826877449764113
1401982553#3807056657,0,0,0.18961850614190198
4855531635#4603499681,0,0,0.2080844412251967
1815726281#1701262215,0,0,0.1677238084387157
4530039449#4282239841,0,0,0.3355825439014111
3781728770#2720191918,0,0,0.23123133897710274
1634624894#4999395435,0,0,0.33477035056587184
1415431851#2111999386,0,0,0.25627816560172934
4909154245#1721812143,0,0,0.19270467970066077
191401378376#4020838298,0,0,0.23123133897710274
412056568264#2061948762,0,0,0.17396670020325875
4259834054#2069959956,0,0,0.23123133897710274
4612325788#3618222408,0,0,0.20653143819751535
2359147867#1690392435,0,0,0.23123133897710274
3598854563#200793780504,0,0,0.19813951204594257
3551045844#4489623613,0,0,0.3014002270998908
5099092267#4676945807,0,0,0.4611872424435374
3239345949#3750321162,0,0,0.23426298736387732
1423111094#4673696842,0,0,0.23123133897710274
3124123344#1744093020,0,0,0.4218982466300955
4877557723#135716731104,0,1,0.5342332284098432
2058703491#2061948762,0,0,0.1446269237240761
3914990489#3849754958,1,1,0.5421933690777714
3862296444#4091678032,0,0,0.4464570109145565
4466176551#3791242869,0,1,0.5723177352707541
1565918483#4526600536,0,0,0.14271952968442175
2121552363#423255649219,0,0,0.2709986967987526
1415431851#4730881018,0,0,0.23123133897710274
4772914163#124996165291,0,0,0.23123133897710274
1671094707#4513691832,0,0,0.48555820712061054
5214033793#498980611251,1,1,0.5716649330565594
3042388146#2007838544,1,1,0.7478388457414985
4547354791#4935501979,0,0,0.1282008810615218
4606732629#4675051825,0,0,0.18040964397614606
276403558061#2128587019,0,0,0.23123133897710274
450099632797#580549064505,0,0,0.1737009184464315
2977432095#2071777451,0,0,0.23123133897710274
1386769919#3395210543,0,0,0.214147231818516
4298712891#1614486994,0,0,0.23123133897710274
4622896603#1415431851,0,0,0.23123133897710274
1557678768#1838157378,1,1,0.5586822613726696
1815633130#3635899848,0,0,0.38528911833502627
2007923073#3525476136,0,0,0.1871417673255111
4524049970#4541989646,1,1,0.7680537804648231
2115121510#2064248002,1,1,0.5072515811757129
4157495788#4157396930,0,1,0.806488442155145
4623229091#2112093012,0,0,0.20744073544025135
4359345479#2066608628,0,0,0.45941609153339086
2873066884#4958009936,0,0,0.2205986497691463
1737790248#4506715468,0,0,0.17317029542031726
2255999084#4206008942,1,1,0.7149306673660918
3835278364#3722283336,0,0,0.2690449741207077
1560897004#3514514633,0,0,0.3838713501920243
3339753670#1806390048,0,0,0.2535044963335427
4206249296#4302208677,0,0,0.23123133897710274
451199299348#325294719982,0,0,0.4438714965357665
1479238988#1639423540,0,0,0.22196739015424777
3881849655#2147527944,0,0,0.28305315063508907
4264534612#235475987798,0,1,0.5030050213259741
1805797094#1927135903,0,0,0.4545725585493159
1815726281#4429293356,0,0,0.21011086308211482
5168776505#1765964136,0,0,0.2898921903441928
4953440832#451081926345,0,0,0.1479302288648329
4904537845#4441067158,1,1,0.5695358616521007
3831306916#65121698593,0,1,0.7672900176074303
97378088946#2057787086,0,0,0.1541524754020339
2062905665#4524027950,0,0,0.2983769792149912
4991881551#4999395435,0,0,0.3122683399682594
407642705986#2064651676,0,0,0.2406260967770255
3276122697#1549865107,0,1,0.5919956421143128
238810853483#48901612818,0,0,0.23123133897710274
174309766992#4808412950,0,0,0.32985829888135004
4851625903#4944977785,0,0,0.3529022599030884
4415408192#2064229512,0,0,0.22334567652867307
2168049313#4157495788,1,1,0.6767684157071945
4659095325#1811606367,0,0,0.23123133897710274
4282080167#2554762874,0,0,0.23123133897710274
4958009936#5122767275,1,0,0.47480345460924916
3727406860#1918807484,0,0,0.3472346860043796
5066791120#4624558262,0,0,0.20744073544025135
3267793397#4683128693,0,1,0.6925983950078022
1671507912#422592070627,0,0,0.4904314861980475
1950837411#4242576131,0,0,0.23426298736387732
107766860234#31577621677,0,1,0.7417459895782944
4448881535#4295043985,0,0,0.35905759828190775
3550420996#5093302594,0,0,0.212942304448908
1918807484#1806456429,0,0,0.257892426138481
4197957154#4040861140,0,0,0.42119984787707954
1801949283#3351547434,0,0,0.15013732952918657
2061392162#3267338671,0,0,0.20992962033915036
4264534612#4126391754,0,0,0.24808501484516673
5174571094#2254264382,0,1,0.6204544299512121
2054953236#5012378353,0,0,0.20623400528182842
3351547434#4839116665,1,1,0.8671779040663193
3060159815#2058703491,0,0,0.19769554581028634
3598854563#2061309589,0,0,0.288945049590212
422592070627#2053826326,0,1,0.5772082031231576
3033451903#4477152635,0,0,0.18573005164488984
2199558280#556384743931,0,0,0.288432644087137
5045583576#201557135125,0,0,0.30139990001702543
2062867086#3514683078,0,0,0.31323860453514757
3088007378#3339753670,0,0,0.4184041238811515
5067110667#4478450396,0,0,0.23123133897710274
2075117106#4157401170,0,0,0.41922923541791335
39450581767#4578818238,1,1,0.8775710419709236
4346589693#4415408192,1,1,0.7479409568849424
201180045587#2062066566,0,0,0.23123133897710274
4142253323#1727840041,0,0,0.23123133897710274
1560897004#3458373106,0,0,0.40498655634399994
3713044717#3551045844,0,0,0.23123133897710274
2128587019#102790670060,0,0,0.23123133897710274
3954693062#1818219339,0,0,0.22741316691243724
2254264382#2007838544,0,0,0.3172584407588054
4970014021#3496790707,0,0,0.25358898540708696
1485299312#4732077222,0,0,0.20964518364785797
4999395435#4417954604,0,0,0.25896759755429016
4489623613#4882622259,0,0,0.22545780745682448
4657375255#5068111044,0,0,0.22985980658076152
138691630850#451081926345,0,0,0.23227043063935435
3747074740#4464241165,0,0,0.23123133897710274
4417954604#4589673799,0,0,0.292386155136455
1386769919#4934926045,0,0,0.14249120660905185
4062216502#2056136170,0,0,0.23123133897710274
5021492854#201180045587,0,0,0.23123133897710274
3618769182#97378088946,0,0,0.2231139695073317
4099060832#4628982425,0,0,0.28410014197730915
2059772017#2011422795,0,0,0.3577721591178879
2338797804#1909948077,0,0,0.08324439785419
3945405605#3002379949,0,0,0.3682110679498624
2060056771#3598854563,0,0,0.15650300746325843
1402158617#4348498011,0,0,0.38747808997470884
4040861140#4506715468,0,0,0.2709986967987526
4697095949#2112609950,0,0,0.2896330859520413
4913743600#82466780870,0,1,0.5479844472454383
1382158663#1485342380,1,1,0.7479642019186045
2058489457#4606732629,0,0,0.23123133897710274
1721812143#4780848531,0,0,0.23123133897710274
4282080167#580549064505,0,0,0.33852852579140125
4159031604#1391516565,0,0,0.23123133897710274
4933601180#2399396768,1,1,0.6038269220511039
1789407336#3525476136,0,0,0.19659202276282697
4578818238#5041514024,0,0,0.1714512366425821
3797469476#49450621842,0,0,0.3695005359601064
3033451903#4855192008,0,0,0.39215050176501587
4435542241#4443083796,0,0,0.4096146304129436
4435546738#2060056771,0,0,0.20292767888029856
191333072438#5012377514,0,0,0.23453000653718406
2873066884#3276122697,0,0,0.21594641062830253
2116384872#296646328589,0,0,0.3007484477290235
2061110696#4953440832,0,0,0.3170000703499958
1752843168#2112093012,0,0,0.2100114999882732
4435502516#5050806766,0,0,0.3474161963819411
3884030694#4587249322,0,0,0.23123133897710274
2123105045#2111494388,0,0,0.2709986967987526
65121698593#2062870562,0,0,0.23123133897710274
38189434441#1491808729,0,0,0.25105511298934213
3862442483#97378088946,0,0,0.16788216210830403
94446712413#5099092267,0,0,0.2990687745879907
4877425733#1639157122,0,0,0.23123133897710274
20177117584#86403779490,1,1,0.6586377017105037
4944977785#2056662276,0,0,0.26632605258115954
1666737679#1785437365,0,0,0.3398954972560529
4763332016#5210078086,0,0,0.2892568869647565
5166622275#2069959956,0,0,0.2346734398619811
4506715468#1848034697,0,0,0.1207438865912639
4529952057#4909154245,0,0,0.304200525783873
4934245250#3797469476,0,0,0.23123133897710274
4591610567#4197957154,0,0,0.1912747551472827
4264623066#2069518104,0,0,0.3052000114106171
5139738145#3033451903,0,0,0.18023461558261566
1369866993#4175179647,0,0,0.4421294582607776
4220489232#86403779490,0,0,0.23123133897710274
172087618689#2060056771,0,0,0.302095353733333
59657910044#5021492854,0,0,0.23123133897710274
4448881535#4587522516,1,1,0.6665240600860329
3807056657#4441067158,0,0,0.199307483345362
5154554715#3271713292,0,0,0.19879571236427343
4020838298#3056436716,0,0,0.23081407846476454
33614269069#1423111094,0,0,0.355812372986371
3618769182#4346006247,0,0,0.4140651071212259
4132736065#302661384233,0,0,0.2709986967987526
4159031604#5103624144,0,0,0.11906615142258165
1811606367#1319944337,0,0,0.23123133897710274
4435502516#35050759831,0,0,0.3482566319055438
135716731104#4361945080,0,0,0.46062611596214087
1326203809#4490928418,0,0,0.23123133897710274
2059019411#3844369814,1,1,0.6314385946879089
3717220055#2062901374,0,0,0.23123133897710274
3055538941#4513691832,1,1,0.6255461217840774
55721888445#3249351499,0,0,0.23123133897710274
1690392435#4091600300,0,0,0.23123133897710274
4471449591#4361532031,1,1,0.638679616985048
30229648606#4675051825,0,0,0.2714142141030103
4509579066#2070081045,0,0,0.23241306573815554
4639814245#2059840221,0,0,0.19535886095106214
2178100450#4578818238,0,0,0.1880512132673619
4464225618#138963054727,0,0,0.2709986967987526
4862162402#2254264382,0,1,0.7543050599829781
1453322140#4728019061,0,0,0.23123133897710274
8431816618#102790670060,0,0,0.23123133897710274
38189434441#2038238117,0,0,0.4817142033115045
4425600562#4429293356,0,0,0.21011086308211482
2056848620#1920508153,0,0,0.2195241647766096
3862442483#2045215940,0,0,0.2562333567899211
4737351580#4649420935,0,0,0.3682417807749021
4506715468#4970198147,1,0,0.40871839390367104
1588330803#2058489457,1,0,0.41794752586220524
1802211277#388960992073,0,0,0.23123133897710274
1502392118#1321408657,0,0,0.20744073544025135
4391848279#2136848057,0,0,0.22792394672551744
4162025424#4466176551,0,0,0.3168741160752439
361430891904#80056558706,0,0,0.23123133897710274
5174571094#25271558033,0,1,0.5838879370860682
2065681248#138691630850,0,0,0.23123133897710274
4144101559#1726849895,0,0,0.2743082941744044
3883531558#4104893219,0,0,0.2348312132806932
3727406860#131792614672,0,0,0.23123133897710274
5166721362#1784010637,0,0,0.2901701476443154
4944740006#2007838544,0,0,0.2193253439659316
5210111592#5115124673,0,0,0.39215127340987016
3728594582#3920761470,0,0,0.23123133897710274
2059772017#493119725481,0,0,0.22400373484531896
1799390134#25271558033,0,0,0.44305431626668473
1639373514#3212722992,0,0,0.2982507359801326
4457940843#1782375467,0,0,0.4195147790223838
5093302594#5061207560,0,0,0.21024577182864085
5068111044#4402571427,0,0,0.22985980658076152
2720191918#5041514024,0,0,0.3661538342156504
5122767275#5122767609,0,1,0.9537102364857032
4346006247#5062878913,0,0,0.4102600775948418
4448881535#5214349442,0,0,0.16783613706720285
1453322140#1701420365,0,0,0.23450559540265886
4455910772#1835573063,0,0,0.3214981351052475
4959796164#164316289384,0,0,0.23123133897710274
71134452360#5153649937,0,0,0.39646011789375896
1815726281#3807056657,0,0,0.35762243629421253
4926497821#3458373106,0,1,0.5592186682701591
1645442429#2007961164,0,0,0.16564012342490458
4010670765#4345891873,0,0,0.2520292970958904
451199299348#2338797804,0,0,0.2771141592351811
3781728770#4576382317,0,0,0.24303337731607966
4435453955#1666737679,0,0,0.48375087409044404
2007961164#4741125055,0,0,0.2709986967987526
281128119490#4935513479,0,0,0.23123133897710274
2064229512#3633003734,0,0,0.31487706019154044
4570599868#2178100450,0,0,0.23123133897710274
4741125055#3831306913,0,0,0.23123133897710274
1802608944#2058434584,0,0,0.4863174960018898
3560731752#4135061499,1,1,0.8305655261636976
29004068614#1487676783,0,0,0.31987955565003695
4530039449#4655210982,0,0,0.23123133897710274
3934620391#2063587581,0,0,0.2142395638050202
3538444870#3564523840,1,1,0.7815190190490398
1774799298#71134452360,0,0,0.391301362581765
4205995308#5166622275,0,0,0.18246184257065462
4435546738#3276122697,0,0,0.4419709961052269
2062066566#2199558280,0,0,0.17333504960241838
37132781634#4361532031,0,0,0.210534552241394
4297587275#4425600562,0,0,0.20683136282079048
3618222408#4099060832,0,1,0.6080534997095899
25271558033#172087618689,0,0,0.39284888251555833
1805797094#4144101559,0,1,0.6358579208400226
4699492658#422593661853,0,0,0.16133106795482524
3339264625#2064229512,1,1,0.8563265313692084
4095826594#1558033867,0,0,0.2302758584388406
5005539531#4955195008,0,0,0.20323344720135267
1369866993#4439261964,0,0,0.31118587156297317
1774799298#1382158663,0,0,0.18995724493694205
4797165686#156117170736,0,0,0.234034868321001
59657910044#2064229512,0,0,0.21908635345409028
4527413574#2202311541,0,0,0.24143836948337336
323299606725#23700156902,0,0,0.2957571490020998
4897934962#3082192822,0,0,0.23123133897710274
2873066884#4975601232,0,0,0.19759519399005032
1811606367#1479238988,0,0,0.39810332569309675
5092340558#4824169309,0,0,0.3743914984083222
3053961277#4851625903,0,0,0.2243933775133646
4524027950#3120630195,0,0,0.2555619652811205
33827094730#3088007378,1,1,0.5535181551883616
3502505322#4904537845,0,0,0.23123133897710274
1401982553#1726849895,0,0,0.41294257712953536
1816678631#1775476124,0,0,0.1350155279063341
1402158617#4206160273,0,0,0.3023772778872206
4635983959#1639373514,0,0,0.4905677033231127
1650171814#3911660194,0,0,0.25066709245692176
4732077222#4752061423,0,0,0.46781721370321694
5182358949#2044195515,0,0,0.2311398552278686
4450588934#1431841097,0,0,0.23123133897710274
3883531558#4619843239,0,0,0.34816533369168495
2207679070#5140039711,0,0,0.2001826966467797
3722283336#1690392435,0,0,0.35337659475313093
1920508153#4443083796,0,0,0.3274315317006208
4697095949#4591610567,0,0,0.18997486254612814
4643643168#3633003734,0,0,0.23123133897710274
2062901374#5168776505,0,0,0.24786689155748529
4058724297#4576382317,0,0,0.26653379021848816
2168049313#2168053327,0,0,0.29856433142827044
3727406860#4720454712,0,0,0.30029737045564964
4697095949#2061138052,1,1,0.7878352034961227
1537713149#610724884856,1,1,0.7237986235373384
4361945080#4742632507,0,0,0.43756250496819005
5122767275#1727840041,0,0,0.32117761498380454
1485299018#2121552363,0,0,0.43810667913060836
3997184387#2011135203,0,0,0.4139592002778855
33614269069#4264643150,0,0,0.3417442481670831
1671094707#3897707450,0,0,0.2901701476443154
4478450396#327318799155,0,0,0.355812372986371
5165641659#3514514633,0,0,0.19082403293913164
1497894212#1768784044,0,0,0.15027497479133553
1402158617#302661384233,0,0,0.23123133897710274
4676620606#4675051825,0,0,0.16468458476850947
1802113995#4923640936,0,0,0.39785997199513634
4541989646#3084169617,0,0,0.24143836948337336
1802211277#4944740006,0,0,0.23123133897710274
2055658829#4077259221,0,0,0.4355149509637206
4530039449#4538489291,0,0,0.1584847979528836
4587522516#3883531558,0,0,0.4792925623011261
283482842835#218691706787,1,0,0.4411637961824064
4808142872#4278997793,0,0,0.23392141778885756
136929841403#2977432095,0,0,0.3513800256910985
4478450396#2058434584,0,0,0.38551492906564244
2078630441#2121552363,0,0,0.23123133897710274
4420214504#4683128792,0,1,0.8130947076835122
5140039711#5051033030,0,0,0.1986090465367345
4332290907#4161766533,0,0,0.45320820758418684
312476159692#3400949384,0,0,0.234034868321001
2112308266#2064651676,0,0,0.25479390166125443
4506715468#3954693062,0,0,0.16924164029414207
3862442483#42626234945,0,0,0.07199264807506833
158255665663#4709177500,1,1,0.6942660611061021
178471540370#189641559770,1,1,0.7383195303633363
3927603556#3717220055,0,0,0.23123133897710274
2207679070#2070081045,0,0,0.22024064458147954
2056136170#44044455454,0,0,0.26753667010450954
3708433646#4425600562,0,0,0.23123133897710274
2111494388#3550420996,0,0,0.27436565348727787
2071777451#2069309301,1,1,0.7022746983882411
35050759831#4091600300,0,0,0.23123133897710274
5027483278#3862442483,0,1,0.7021061170803484
179195001984#1785437365,0,0,0.257892426138481
4603499681#327540253581,0,0,0.27714033373728714
3973290911#4717447481,0,0,0.4347313926520902
4219305678#2058385981,0,0,0.20711897989680836
2045415682#336556403061,0,0,0.3748468840066646
2128587019#3945405605,0,0,0.32115975949980496
3621961786#5027483278,0,1,0.6419854903862947
1485299018#1485299312,0,0,0.407165995417181
4360817571#136929841403,0,0,0.23123133897710274
1321409006#4843658030,0,0,0.23426298736387732
4348498011#14920393984,0,0,0.27084001399246604
2056243161#485901844230,0,0,0.2617346848752572
3973290911#4572223100,0,1,0.7157618361757488
2053826326#4157396930,0,0,0.23123133897710274
4509579066#48901612818,0,0,0.23225136273061142
20248125819#1497894212,0,0,0.28284709692205523
2113209826#71134452360,0,0,0.4501678387648145
2063877224#323421711132,0,0,0.19830828848082221
59051760061#14920393984,0,0,0.31115542114837713
218691706787#3991387948,0,0,0.2747663687299602
4062216502#1401982553,0,1,0.5052154496192933
3997184387#4332290907,0,0,0.3300902860824233
90088944269#4206008942,0,0,0.24573357356087175
4650344731#4133854035,0,0,0.23123133897710274
2112308266#2178100450,0,0,0.310208382511242
2255999084#90088944269,0,0,0.31065308489391863
4655336845#4483699071,1,1,0.6266298901938087
4999395435#2070119945,0,1,0.6316768864086741
4567238149#2011135203,0,0,0.21262318979253086
1485342380#3762577896,0,0,0.2011115602453852
2062870562#5130795772,0,0,0.12328551487457749
3458091636#2059840221,0,0,0.19535886095106214
3762577896#2138943686,0,0,0.23123133897710274
59051760061#4127765656,0,0,0.23345778697630082
2060227695#4475471841,0,0,0.18023461558261566
2720191918#2111616240,0,0,0.24312921360502457
2202311541#15721336763,0,0,0.1458905942406438
2062066566#2932008834,0,0,0.23123133897710274
4509579066#52473443269,0,0,0.234034868321001
498980611251#4435546738,0,0,0.19520951073044016
2062867086#1950837411,0,0,0.23123133897710274
1811606367#4264643150,0,0,0.23123133897710274
3417328243#1312951134,0,0,0.28305315063508907
585216739399#4332290907,0,0,0.17164701918091202
60746273843#3636255407,0,0,0.12581546275064898
4897934962#4658859864,0,0,0.23123133897710274
4144101559#5021492854,0,0,0.23123133897710274
4730592514#33187929079,0,0,0.3413953881640964
3060159815#2061392162,1,1,0.6790493986705048
580549064505#1639423540,0,0,0.17840981518022148
416910186231#96344432148,0,0,0.23123133897710274
4786425036#4402571427,0,0,0.2493361713805827
3514683078#4657296734,0,0,0.31170239169990893
3276122697#1317769788,0,0,0.4281634424709106
3697829010#3797469476,0,0,0.23123133897710274
4919686468#3120630195,0,0,0.24143836948337336
20177117584#3525476136,0,0,0.2716870165152581
5115124673#4567238149,0,0,0.07491794434871056
2112093012#68208094552,0,0,0.2626093641442175
3050036635#18956333945,0,0,0.22393835832477652
18956333945#238810853483,0,0,0.2881918313355774
6626538016#4732077222,0,0,0.20705484283113257
4573019780#325282849432,1,1,0.709387107675011
5210111592#1666737679,0,1,0.5624895822101125
4591610567#3945405605,0,0,0.21024577182864085
3046734634#3444192698,0,0,0.21279958775523944
60502455786#5122767275,0,1,0.5644194402925323
159824143431#2631411093,0,0,0.23123133897710274
1634366430#3846933347,0,0,0.21649521021514548
1487676783#325282849432,0,0,0.4424047769515087
3245047192#3339753670,1,1,0.5349764729795938
619944752073#1407873390,0,0,0.2722537435509941
4070350685#1639256138,0,0,0.39251317471550334
1765964136#2050811813,0,0,0.234034868321001
3551045844#3056436716,0,0,0.1891011248223307
2061138052#2056848620,0,0,0.27346662826697515
3322922498#4116721553,0,0,0.1546074366008538
3580871898#3713044717,0,0,0.2778567584799933
1317769788#1500005536,0,0,0.3339297808674953
4241504041#4628982425,1,1,0.8525410213697263
3716141957#2078830490,0,0,0.2418452238128022
4144101559#3717220055,0,0,0.27523383975579824
4348498011#2069309301,0,0,0.2572722844764969
1806456429#451081926345,0,0,0.2097946119544249
2056050973#585216739399,0,0,0.23426298736387732
1321409006#5111591626,0,1,0.5113297666517581
3708976648#343207691350,0,0,0.23123133897710274
4991881551#14920393984,0,0,0.32971914053786955
2114341514#1639330963,0,0,0.3326546768874183
439640898475#3747074740,0,0,0.23123133897710274
1319732582#2056050973,0,1,0.6240792895032095
3831306916#3052336116,0,0,0.17333504960241838
29004068614#5165641659,1,0,0.4596198594620302
2112308266#14613484963,0,0,0.2507949588898163
4675067693#3995939780,0,0,0.3090726380428779
3077676449#2064049724,0,0,0.18288322385945827
3652204966#4441067158,0,0,0.19463855947453157
81226585052#2037039871,1,0,0.42157789844138294
2069959956#3622118220,0,0,0.23123133897710274
4970014021#4283743489,0,1,0.5093537686287423
4971996310#2114341514,0,0,0.16209292856688642
4649420935#416910186231,0,0,0.21800353794276042
5140039711#132075514370,0,0,0.359073965632564
3762577896#2123088534,0,0,0.22354114955148688
3514683078#2007939398,1,1,0.7216731269255213
1775476124#20248125819,0,0,0.28284709692205523
135716731104#2359147867,0,0,0.24871293079703918
1789407336#2067590020,0,0,0.2666170276883348
2058434584#3067096711,1,0,0.31451515889983367
3046306290#1726849895,0,0,0.24143836948337336
3633644000#3781728770,0,0,0.23123133897710274
2061892659#422593661853,0,0,0.09592711681938854
3881831374#3468099011,1,0,0.46944110797902716
4548887380#5122767275,0,0,0.3233153067278742
8484260087#5103620556,0,0,0.18953422295496733
5092340558#4839116665,0,0,0.23123133897710274
4241504041#4658859864,0,0,0.39092370571110807
2061110696#5165641659,0,1,0.5736572141722596
4081080882#15721336763,0,0,0.1996872325195965
4464225618#2007923073,0,0,0.3803932465343499
3846933347#4242576131,0,1,0.7452116153703563
5165641659#5214033793,0,1,0.5552555281320888
2977432095#138962886124,1,1,0.8642290386903646
2064229512#2123088534,0,0,0.23123133897710274
485901844230#1701420365,0,0,0.18010864692724285
4557843865#4167169697,0,0,0.24221827399727122
4623176202#49475347464,0,0,0.21965196847479873
4099060832#1743158946,0,1,0.5559394653993929
2064049724#3467678421,0,0,0.18237369006785872
3797481052#3708976648,0,0,0.24650116599100563
1848034697#4624558262,0,0,0.1649486913590346
4851639047#4520440216,0,0,0.18765206166951545
3245047192#1557678768,0,0,0.29401042347030115
3967289494#3212722992,0,0,0.3638193895712544
4991881534#1634624894,0,1,0.6916588655751971
18465768764#3764168689,0,0,0.3312868831736299
4383857081#2060227695,0,0,0.2097946119544249
485901844230#336556403061,0,0,0.2236046673280631
4506715468#85384061690,0,0,0.20556258837149752
4514169068#5080010233,0,0,0.23123133897710274
2112609950#3881831374,0,0,0.2097946119544249
1321409006#1813034413,0,0,0.29830124843910183
5075179730#2108617570,0,0,0.3386383312381513
1802608944#1835573063,0,0,0.23749976366456813
4127765656#1557678768,0,0,0.4623860956097619
407278558983#3212722992,0,0,0.13672210145856933
2554762874#4817865335,0,0,0.21011086308211482
3276122697#4999395435,0,0,0.19027801701881566
292830032329#3467678421,0,0,0.1846835023832878
5185554343#4730881018,0,0,0.20744073544025135
4590104087#3511353262,0,0,0.14858307863789805
2044195515#1305862252,0,0,0.1935922726386824
2045215940#4991881534,1,0,0.35126063803218155
3567360966#4730592514,0,0,0.4553762948919974
4206401183#4862162402,0,0,0.2256038839034833
4826662409#5080010233,0,1,0.7319644446684879
4603499681#4732077222,0,1,0.7152837457284877
1639373514#580549064505,0,1,0.6050294178498147
4999395435#3781728770,0,1,0.6430590820075562
3986635625#4289285913,0,0,0.35183378996271647
1802211277#178251297462,0,0,0.23123133897710274
2056136170#5068111044,0,0,0.4107483421171236
1548025566#3842666513,0,0,0.3097410790380115
4749417182#4933601180,0,0,0.19785018478744806
2064651676#4536425461,0,0,0.23123133897710274
4490928418#4477152635,0,0,0.2688338106502837
1802211277#3077676449,0,0,0.16682375169972324
5111591626#4935501979,1,0,0.4634726267948368
4295043985#1537439376,0,0,0.21540083421589568
2977432095#1639373514,0,0,0.24503002068921959
3249351499#292830032329,0,0,0.234034868321001
54158072521#1657111787,0,0,0.3498546929070555
4091600300#3728594582,1,1,0.5566059238890744
3042388146#1765964136,0,0,0.16977317489997484
3708976648#2058670200,0,0,0.23123133897710274
1588330803#5115124673,0,0,0.2709986967987526
138962886124#134867489837,0,0,0.47106162685298686
3056436716#2065681248,0,0,0.3069304586442089
4808142872#2056226500,0,0,0.23944759940448618
4619843239#107140664995,0,0,0.23998560026770113
3797481052#3708548775,0,0,0.2246108455768596
3728594582#3937983666,0,0,0.23123133897710274
201557135125#2136848057,0,0,0.23123133897710274
3829546123#4623963992,0,0,0.04929431845825148
4991881551#3560731752,0,0,0.1997099286738698
48861374884#58971109124,0,0,0.29360446148165
2168053327#2055375491,0,0,0.39095881227704105
4198143611#3491525687,0,0,0.2873501525134971
3511353262#4471449591,0,0,0.457589463527962
1861556379#1386769919,0,0,0.19675574230707568
4530016607#4360817571,0,0,0.28382712790414877
4128826467#4099060832,0,1,0.7808427463486067
4473639064#4741125055,0,0,0.2295146574614121
4272798975#1882915934,1,0,0.27250681464738813
3831306920#3831306916,0,1,0.8295484084547424
3881831374#4297587275,0,0,0.2097946119544249
2011422795#2602864486,0,0,0.23123133897710274
1784010637#1671094707,0,0,0.2901701476443154
29004068614#135716731104,0,0,0.22040361907804334
3579464172#4111669223,0,0,0.3310284219890694
1726849895#4332022336,0,0,0.23123133897710274
3709052310#3797481052,0,0,0.235223241344066
2069194582#4683128574,0,0,0.18500358296782635
4909154245#1920508153,0,0,0.19535957016694275
1560897004#2059840221,0,0,0.19535886095106214
2058670200#1502392118,0,0,0.21702834504100704
5006701140#2121552363,0,0,0.23123133897710274
4839116665#5185529534,0,0,0.18180857758541036
3212722992#5214033793,0,0,0.26823846161076076
4415408192#5140039711,0,0,0.23123133897710274
4786425036#3622118220,0,0,0.23123133897710274
2108617570#2111616240,0,0,0.35971518100261807
1304937637#1690392435,0,0,0.1770637697014849
3831306916#3835278364,0,1,0.7308599394764695
82466780870#4264643150,0,0,0.23123133897710274
5168776505#2116384872,0,1,0.6758713033297111
2062905665#189641559770,0,0,0.2709986967987526
1748267407#18465768764,0,0,0.1689732662450929
4570599868#4589801151,0,0,0.23123133897710274
2061392162#1768955738,0,0,0.24143836948337336
4081304066#4726348614,0,0,0.2623108339941294
2112093012#97378088946,0,0,0.38527074635940967
1701262215#1946459818,0,0,0.20744073544025135
3046306290#4509579066,0,0,0.19522828200811032
38189434441#3927603556,0,0,0.23540917710664838
4058724297#4737466020,0,0,0.23123133897710274
5130795772#1813034413,0,0,0.16544317867515268
3862296444#4514169068,0,0,0.23123133897710274
3046306290#58971109124,0,0,0.4710387405552899
3770309546#451081926345,0,0,0.19596056636945133
8431809688#1401982372,0,0,0.27294459320172065
1806456429#2062281479,0,1,0.9545531125416779
2058849144#4478450396,0,0,0.38551492906564244
2119475368#90088944269,0,0,0.22522785571121146
4282239841#4824169309,0,0,0.23123133897710274
2977432095#1401982372,0,0,0.2007022110549782
4081304066#2178100450,1,0,0.4449095990397293
1645442429#4475471841,0,0,0.23995497706456398
4133854035#4670277179,0,0,0.21558627458753857
4675051825#4709177500,0,0,0.21011086308211482
107766860234#4726348614,0,0,0.23123133897710274
1321409006#4935513479,0,0,0.23123133897710274
3202650162#1639423540,0,0,0.3549696552506967
4934245250#1842010241,0,0,0.21003462518121385
5111591626#1621413330,0,0,0.23123133897710274
3967289494#4635983959,0,0,0.25646494173052664
91821746394#5092340558,1,0,0.3966437500570602
1783918544#8431816618,0,0,0.4361755213720275
4628657238#3986635625,0,0,0.1874118369148543
4692874281#2056050973,0,0,0.32753590605233807
91821746394#3717220055,0,0,0.27523383975579824
4623176202#4104893219,0,0,0.21965196847479873
1743158946#3618222408,0,1,0.6195970210474203
4587249322#30229648606,0,0,0.15446327136910362
4726396976#3249351499,0,0,0.23123133897710274
3508697475#4348498011,0,0,0.18606208885274234
58971109124#1932527171,0,0,0.23123133897710274
4206249296#4206160273,0,0,0.2760892905820697
1565918483#4670277179,0,0,0.16785176951444564
4570599868#4737351580,0,0,0.361840144170075
4062216502#3753647572,0,0,0.23123133897710274
4589673799#1748267407,0,0,0.21799328598693118
2055375491#4157401170,0,1,0.586339306627674
2063077902#3762577896,0,0,0.22457357210526122
4020838298#4991881534,0,0,0.23123133897710274
4157401170#3514514633,0,0,0.24405899001869613
3622118220#1737790248,0,0,0.23123133897710274
2056136170#336084797451,0,0,0.23123133897710274
33827094730#4804861605,0,0,0.23123133897710274
4283743489#1402158617,0,0,0.35397631918652267
1801949283#2055658829,0,0,0.35537585187898824
238810853483#4442434830,0,0,0.2701220842908238
4264534612#2038238117,0,0,0.23123133897710274
138963054727#2121403889,0,0,0.27224236294187343
2069807272#3860598463,0,0,0.24495065517478834
5103624144#5031485182,0,0,0.19555004316222127
4595119059#2111494388,0,0,0.36643096683066867
4763332016#2254264382,0,1,0.6400477311076315
3914990489#2111999386,0,0,0.27245585832061736
3055420907#1806390048,0,0,0.3855969775100347
444631792208#1472057121,0,0,0.4897181690593125
2069518104#388960992073,0,0,0.18500358296782635
3844463116#292830032329,0,0,0.4090228398207764
3750321162#4824169309,0,0,0.4553762948919974
5066791120#5027483278,0,1,0.7319031221619983
4590516019#4839116665,0,0,0.48663059885674476
4264643150#1802608944,1,0,0.4447019994438377
4808142872#4020838298,0,0,0.3014122364744671
1918807484#3239343165,0,0,0.23123133897710274
4529952057#2446874502,0,0,0.3546152148216497
4933601180#2152113149,0,0,0.20243737138335816
4536425461#1666737679,0,0,0.23123133897710274
327540253581#2061309589,0,0,0.36227216513823873
2121403889#3829546123,0,0,0.06398599381269268
4220489232#4297587275,0,0,0.3046849743131751
4623176202#5174571094,0,0,0.21965196847479873
610724884856#4219305678,0,0,0.2277986896906141
5140039711#48861374884,0,0,0.1663688805199486
4483699071#4754817670,0,0,0.23123133897710274
2336161523#4529952057,0,0,0.22015273973135496
3753647572#4489623613,0,0,0.39079403110970296
3047029968#1848079063,1,0,0.4578012588587966
3935465939#2074538866,0,1,0.6166678001038266
2064651676#3927195586,0,0,0.16656839379727603
15721336763#5139738145,0,0,0.21494238425792261
4219781519#2070119945,0,0,0.22429252270712793
3884030694#2061892659,0,0,0.23123133897710274
3764168689#4457940843,0,0,0.2446959201311416
3580871898#3567360966,0,0,0.18088030449826004
4608143553#4489623613,0,0,0.21630513371053767
3750321162#4464262179,0,0,0.3106605536902525
4657296734#2062867086,0,0,0.23948188778700136
1920508153#4417954604,0,0,0.27436565348727787
4657296734#1485342380,0,0,0.1785310966264495
5068111044#1806456429,0,0,0.23123133897710274
178471540370#1813034413,0,0,0.1782992799869857
4730592514#2053116658,0,0,0.23123133897710274
3635899848#1558134955,1,1,0.6345356313708139
4709177500#33827094730,0,0,0.3032408903628693
4619843239#90088944269,0,0,0.23711676145748095
136929841403#2007923073,0,0,0.23123133897710274
1537439376#201180045587,0,0,0.23226582683232366
3551737148#2336161523,0,0,0.29298087927494015
4576382317#4501428482,0,0,0.49644265528955034
2121403889#4165910360,0,0,0.17520572889193356
3829368932#3114734058,0,0,0.27170582844474084
71134452360#3881831374,0,0,0.2097946119544249
1557678768#4934245250,0,0,0.31115542114837713
4944592558#3124123344,1,0,0.41666077781351096
4524027950#2078231832,0,0,0.2823164967502785
1918807484#4526600536,0,0,0.31485791023377446
3760470313#2063077902,0,0,0.23317753009666065
5063243277#5103620556,0,0,0.24800877411180153
2064386479#2045215940,0,0,0.2607381516886815
1386618246#49231316394,0,0,0.24143836948337336
2051705675#3881849655,0,0,0.23123133897710274
2007923073#132075514370,0,0,0.21011086308211482
1402158617#2359147867,0,0,0.23123133897710274
3496790707#2051705675,0,0,0.23123133897710274
4793454229#4020783867,1,1,0.5645915950080159
2055375491#4589595603,0,1,0.6366058151762519
2115121510#4471449591,0,0,0.21011086308211482
141958417592#138962886124,0,1,0.5780069267928413
4608143553#4670902580,1,1,0.6386365550530337
5080010233#54353744279,0,0,0.38936499474414477
218691706787#2069807272,0,0,0.24495065517478834
2873066884#5122767609,0,0,0.37288526107612496
201557135125#4429293356,0,0,0.46852500407841985
3990733484#4851639047,0,0,0.49873712700801076
86403779490#3558421110,0,1,0.5314991888683364
94446712413#4070350685,1,1,0.5091090867834543
4346589693#3041214478,0,1,0.5277090510717866
1633175276#4717447491,0,0,0.20744073544025135
1666737679#2336161523,0,0,0.21011086308211482
1784010637#81226585052,0,0,0.23123133897710274
323421711132#49450621842,0,0,0.23123133897710274
1835570826#82326381534,0,0,0.24446711725451495
81226585052#2059772017,0,0,0.13798664462133253
3990733484#4904537845,0,0,0.23123133897710274
6626538016#158255665663,0,0,0.3074409832973975
2136848057#3862296444,0,0,0.37071947327402566
4455910772#178471540370,0,0,0.28305315063508907
201180045587#4843658030,0,0,0.15920999533952776
4826662409#3862442483,0,1,0.793384569958601
1369866993#1321408657,1,0,0.47166842332037784
3500947737#3633644000,1,0,0.4411840907645543
2056226500#2111494388,1,0,0.22986506889821076
1782375467#4144101559,1,1,0.583525102659609
2062905665#1727840041,1,1,0.6447083804276768
5182358949#407642705986,0,0,0.21011086308211482
3807056657#1811606367,0,0,0.3283082837518883
178709407236#1785437365,0,0,0.257892426138481
4573019780#2057667662,0,0,0.3165718624762891
3862296444#3435281641,0,0,0.48589990656895
2055658829#2065166575,1,1,0.5090794105948923
325294719982#4576382317,0,0,0.2170672142339508
1485299018#4595119059,0,0,0.11069000153113313
4206249296#4706331170,0,1,0.5182553741816198
3784845932#4578818238,0,0,0.2472141688475323
4402571427#5115124673,0,0,0.15086873030899975
2057787086#4360817571,1,1,0.938073059440087
4657375255#4657296734,0,0,0.2956627769351141
323299606725#4435502516,0,0,0.28988106542741465
2062870562#4524049970,0,0,0.060061168397422426
3818902471#3444192698,0,0,0.11096354508734928
2064229512#2065240489,0,0,0.2773287248152797
4298712891#3995939780,0,0,0.2708975134990147
4506715468#1588330803,0,0,0.2709986967987526
3846933347#138649305625,0,0,0.40012008942114385
5012378353#1775476124,1,0,0.2876494404922318
4944740006#4524027950,1,1,0.8445510071029706
4717447481#3883531558,0,1,0.5309328903493141
451199299348#4167169697,0,0,0.18433183442382994
55721888445#2058737730,0,0,0.23123133897710274
4578818238#33827094730,0,0,0.4935108650252616
1835570826#5137789006,0,0,0.39319484454615805
3973290911#4075881990,0,0,0.2024365565039807
5021492854#5006701140,0,0,0.23123133897710274
4313472390#4041026262,0,0,0.22652077652823752
60502455786#5122767609,0,1,0.6293247285072988
37372627174#1391516565,0,0,0.2638796294845561
4855192008#3708548775,0,0,0.23123133897710274
3400949384#4361532031,0,0,0.4030819844925413
3579464172#3652204966,1,0,0.4107540777441066
4205500523#2007923073,1,1,0.5432422456305089
1789407336#1319944337,0,0,0.1946686195514362
3717220055#3770199438,1,1,0.5482033767153565
3033451903#14613512425,0,0,0.17795361730279113
3727406860#4720389596,0,0,0.30029737045564964
156116022807#3059594160,0,0,0.1608830414801994
4851639047#4420214504,0,0,0.3243820735283776
5210078086#4923640936,0,0,0.3071449099562327
2053116658#2044195515,1,0,0.366207085305892
3444192698#1918807484,1,1,0.8409264353248899
4951787412#1650171814,0,0,0.2033552368844802
3618222408#3826206182,0,0,0.393437160923667
3937803478#4655336845,0,0,0.23426298736387732
1485299018#38189434441,0,0,0.14252371756507626
422593661853#4524049970,0,0,0.18250182199517914
2113209826#422592070627,0,1,0.7311926463506665
2338797804#4435546738,0,1,0.5074470517968291
1657111787#2045415682,0,0,0.38947143408807927
2115121510#1497894212,0,0,0.13605185205459355
2554762874#2399396768,0,0,0.21965196847479873
4572223100#4603499681,0,1,0.8135009950201806
3046735232#4435546738,0,0,0.16025719221916565
2138943686#3722283336,0,0,0.23123133897710274
5139738145#158255665663,0,0,0.15673411323462258
3202650162#4509579066,0,0,0.23990131150834737
2062870562#2446874502,0,0,0.2832586715678712
1975046609#113560958124,0,0,0.14898426058614075
5182358949#4272798975,0,0,0.2097946119544249
2065681248#5005539531,0,1,0.6064487890294072
3797469476#2063077902,0,0,0.3656967500786888
1319944337#3082192822,0,0,0.14520507836350635
4242576131#1844986349,0,0,0.23426298736387732
3770309546#2720191918,0,0,0.27778668432534614
1802608944#4439261964,0,0,0.3543127310283081
3447177264#4197957154,0,0,0.2709986967987526
4737466020#68208094552,0,0,0.30736354749341344
4157396930#4157401170,0,1,0.807534654436056
3435291193#3245047192,0,0,0.31115542114837713
4264643150#5182358949,0,0,0.2723712253575352
5005539531#2078830490,0,0,0.3399613157810704
4939070111#4529952057,0,0,0.209088719920104
4111669223#3652204966,0,0,0.3169167195350431
4763332016#1801949283,0,0,0.20640170096041247
2045415682#3351547434,0,0,0.2097946119544249
4548887380#37132781634,0,0,0.47706206982693977
1309241824#1748267407,0,1,0.670280857066475
4466060368#3954693062,0,0,0.269813030951708
4295043985#3883531558,1,1,0.6069646816380951
2944165247#5051033030,0,0,0.28305315063508907
4970198147#2199558280,0,0,0.23123133897710274
1927135903#4144101559,0,0,0.17660074201955253
3245047192#580549064505,0,0,0.2923710892479312
5067110667#3728594582,0,0,0.2868625569017071
201557135125#325282849432,0,0,0.3270517135499746
2065166575#3502505322,0,0,0.2097946119544249
3002379949#1920508153,0,0,0.11340360734830435
4570880462#4241504041,0,0,0.2709986967987526
4683128574#4683128792,0,0,0.17578236721696738
3784845932#5174571094,0,0,0.21011086308211482
4522343644#4877425733,0,0,0.27714033373728714
4966082198#2178100450,0,0,0.23081407846476454
1835570826#3798427322,0,0,0.2000523443290489
5166622275#4167169697,0,0,0.23123133897710274
2058207302#327318799155,0,0,0.23123133897710274
58971109124#1842010241,0,0,0.3020748806983129
4882622259#3202650162,0,0,0.1960771422144342
1639423540#4464241165,0,0,0.23123133897710274
201180045587#4780848531,0,0,0.23123133897710274
3862296444#82326381534,0,0,0.23123133897710274
161914880681#85384061690,0,0,0.24248898391336832
2048788952#3913703465,1,1,0.7349422687360804
1788281024#1384521138,0,1,0.758174097286195
4127765656#4195846379,0,0,0.4184027106423335
3920892696#3618769182,0,0,0.38904103842322124
3966652517#4175179647,0,0,0.21852596563820798
2178100450#4786425036,0,0,0.3314735654025783
2168049313#4572590009,0,0,0.39095881227704105
2044195515#2078830490,0,0,0.25666861344395747
23700156902#1441677912,0,1,0.6321636392952039
4862162402#191333072438,0,0,0.2598588340763033
4360817571#3124123344,0,0,0.3909524192221616
4655336845#4590318667,0,0,0.3854823634165069
3995882585#2625038642,0,0,0.2998040826611967
4975601232#3967281611,0,0,0.4281455744380076
58971109124#18465768764,0,0,0.3161680300137487
55721888445#3508697475,1,1,0.6936601157960982
3621961786#5080010233,0,1,0.5138830875753895
3053961277#3508697475,0,0,0.3910654366667259
4720390052#4720389596,1,1,0.687298408822299
3913703465#1401982372,0,0,0.16656455552529958
161914880681#4877425733,0,0,0.32869538121369185
3818902471#30229648606,0,0,0.23123133897710274
4116721553#201180045587,0,0,0.23890582173894295
4955195008#3041214478,0,0,0.14403636776704054
4416674399#422592070627,0,0,0.28305315063508907
4260655307#2048788952,0,0,0.2236784381501796
4650405536#189641559770,0,0,0.4958796013535384
3435291193#1949694216,1,1,0.6285131207624557
4530016607#5025769096,0,0,0.3529022599030884
4205995308#4332022336,0,0,0.23361408613369336
1946459818#1671507912,1,0,0.47044813004446384
4529952057#2037039871,0,0,0.20744073544025135
4435542241#1920508153,0,0,0.18975482942930297
1321409006#3818902471,0,0,0.242936846363554
4506715468#3633644000,0,0,0.2709986967987526
5196755485#4797165686,0,0,0.3415662851392669
2061138052#4278997793,0,0,0.24721155188373442
4241504041#2056050973,0,0,0.38005185204379144
4241504041#4590318667,0,0,0.27329738806151693
4424218136#4283743489,0,0,0.2071946030299283
2121403889#1416247746,0,0,0.09402685543423192
4780848531#1782375467,0,0,0.4057529685759513
2116384872#1861556379,0,0,0.2088353545514916
3454385494#3920761470,0,0,0.2983986412466684
4934245250#4839116665,0,0,0.14659036812554926
4161766533#3990733484,1,0,0.45320820758418684
30229648606#4676945807,0,0,0.23123133897710274
1650171814#1927135903,0,0,0.2023594809328137
5140039711#6626538016,0,0,0.18767114274117375
2121403889#5005539531,0,0,0.48446698069044153
5103624144#3831306916,0,0,0.1703412142018251
283482842835#4278997793,0,0,0.20744073544025135
14613484963#138962886124,0,0,0.23081407846476454
3707436708#2111497729,0,0,0.22354114955148688
4111406344#2128587019,0,0,0.4299458402578537
2050811813#2059840221,0,0,0.2352193784414805
2720191918#4855192008,0,0,0.4923994941940258
97378088946#3564523840,0,0,0.20108975592146489
3077676449#3826134250,0,0,0.19270467970066077
332289128117#2071777451,0,0,0.23123133897710274
5031485182#3276122697,0,0,0.36498722224720664
1974801707#4159031604,0,0,0.17696969333901574
4298712891#1838157378,0,0,0.38326664813367134
3914990489#2119475368,0,0,0.06040999066196112
39450581767#2064651676,0,0,0.22040361907804334
3435281641#4361532031,0,1,0.5254513338739036
2069194582#4095826594,0,0,0.42808773434890773
4464262179#1633175276,0,0,0.23123133897710274
4855192008#1918807484,0,0,0.2857259608246395
2873066884#3514683078,0,0,0.2581399665844823
4635983959#48861374884,0,0,0.1450554926530646
3797469476#423255649219,0,0,0.23123133897710274
235475987798#366875248163,0,0,0.23123133897710274
2092142602#3707436708,0,0,0.2170786645378884
1726849895#1773082332,0,0,0.2703336708884834
56587760546#1726849895,0,0,0.2963567572887598
4737466020#1453322140,0,0,0.27714033373728714
5059287828#3560731752,0,0,0.3318870759822591
4058724297#2625038642,0,0,0.39299415373157764
4720454712#1634624894,0,0,0.49702278632474445
395685899087#407278558983,1,0,0.35780582637872255
3652204966#4501428482,0,0,0.25311476978354963
20177117584#201557135125,0,0,0.23123133897710274
3245047192#2062867086,0,0,0.26495651674879883
5103624144#4839116665,0,0,0.12848416571356386
2044195515#3458091636,0,0,0.22499056435403758
1768955738#1386618246,0,0,0.24143836948337336
80056558706#1861556379,0,0,0.22317047598101836
1560897004#3717220055,0,0,0.23123133897710274
3882105016#5186378802,0,0,0.22040361907804334
4441056785#4091678032,0,1,0.6556880234729432
4675051825#4913743600,0,0,0.22004557785700374
4959796164#3806763143,0,1,0.6534261143669675
451081926345#450099632797,0,0,0.21371621760057685
3621961786#35840895191,0,0,0.13810006675331207
5166721362#1671094707,0,0,0.2901701476443154
3844463116#3829368932,0,0,0.23123133897710274
1303430936#1410206420,1,1,0.7405302186405945
4402571427#361430891904,1,1,0.7169656912621611
4590516019#156117170736,0,0,0.15123293705861252
4717447481#4752061423,0,0,0.4082282154391917
3551736332#2065166575,0,0,0.20643040443393568
4513691832#556384743931,0,0,0.33280419935956873
4499122001#191333072438,0,0,0.2741001926623912
1386769919#3067096711,0,0,0.3593533298010672
3764168689#1788281024,0,0,0.32466049141781367
201180045587#4763332016,0,0,0.3070920211536489
2112093012#451199299348,0,0,0.26304986586193735
4383857081#1927135903,0,0,0.33630050745044565
610724884856#3844369814,0,0,0.28952114660127054
5140039711#4643643168,0,0,0.19840716413706552
2399396768#4441056785,0,0,0.23611605212872824
5214349442#4435502516,0,0,0.45597828412480496
1485299312#2121552363,0,1,0.7104294619135536
4264656619#4913743600,0,0,0.21918643384803865
3849754958#113940354812,0,0,0.2530596938555469
1848110456#4808412950,0,0,0.23123133897710274
1760201040#4257137636,0,0,0.23123133897710274
3897875146#4448881535,0,0,0.23123133897710274
2071962865#4589801151,0,0,0.23529643575912304
3995882585#3937983666,1,1,0.828018528551335
132075514370#4041026262,0,0,0.23123133897710274
1374712246#4590516019,1,1,0.8783223758784481
4243154090#4595119059,0,0,0.4353200883889642
107766860234#3831306920,0,1,0.6059038380978106
138962886124#131792614672,0,0,0.24729574512412825
1946459818#4623229091,0,0,0.2966952148449322
441422692319#451199299348,1,0,0.24877575389103107
52473443269#3986635625,0,0,0.3656732300654688
4111406344#3414226598,0,0,0.24612294762350723
131792614672#4127765656,0,0,0.23123133897710274
2045215940#444631792208,0,0,0.35126063803218155
20248125819#5186378802,1,1,0.7573878516741528
5075179730#3276122697,0,0,0.234034868321001
3046447513#191401378376,0,1,0.5459861079118212
4933601180#4205500523,0,0,0.22467445018248858
4257137636#5185529534,0,0,0.17623509594337025
3067096711#412056568264,0,0,0.2723712253575352
1321408657#4529952057,0,0,0.20744073544025135
4877557723#30229648606,0,0,0.20744073544025135
5063243277#18466375636,0,0,0.37841050914730057
4696140824#4970198147,0,0,0.2757694646174063
136929841403#4420214504,0,0,0.1448660978629766
3046447513#3920892696,1,1,0.7286363209771627
47066263949#3966652517,0,0,0.27170582844474084
4607726453#3550420996,0,0,0.23123133897710274
3525476136#2059772017,0,0,0.1791374373071929
4817865335#1319944337,0,0,0.23123133897710274
296646328589#3762577896,0,0,0.18835072401263026
30229648606#4466060368,0,0,0.31480924322285037
332289128117#235475987798,0,0,0.36525148952758013
1727840041#4274157585,0,0,0.2696878692161928
5005539531#1784010637,0,1,0.6090070636121468
3747074740#4882622259,0,0,0.29110697159132815
2056050973#96464483573,0,1,0.542719298200809
3831306913#2038238117,0,0,0.2097946119544249
3558421110#2119447541,0,1,0.8010199358520409
4657296734#1752843168,0,0,0.31185184633874685
1391516565#3059594160,0,0,0.3059879216187446
48861374884#3844369814,0,0,0.2007838634747969
4020838298#4345891873,0,0,0.3861699297695311
4676620606#437850700068,0,0,0.3153199895795915
4670902580#2977432095,0,0,0.3495759518324335
3267793397#3920892696,0,0,0.1810385371977683
4435502516#1773082332,0,0,0.21417300536234032
4442434830#3911660194,0,0,0.2887429736216434
3033451903#2111616240,0,0,0.46586696050649046
3697829010#1557678768,0,0,0.23123133897710274
174309766992#4346006247,0,0,0.2007022110549782
1650171814#20177117584,0,0,0.3687004099429156
4520440216#131792614672,1,1,0.7943784211043365
1802113995#134867489837,0,0,0.20744073544025135
54353744279#3496790707,0,0,0.1997099286738698
4402571427#3995939780,0,0,0.2535044963335427
4520440216#3791242869,0,0,0.23123133897710274
366875248163#3897707450,0,1,0.520416898452712
2111497729#1920508153,0,0,0.1909154319216325
1623108666#5006683632,0,0,0.2917879339055852
4417954604#4490928418,1,1,0.7083515227961832
2062901374#4020838298,0,0,0.24495065517478834
4808142872#1802608944,0,0,0.2876873975469462
5012378353#4589595603,0,0,0.24143836948337336
3046735232#2062066566,0,0,0.4185483685374405
54163692074#5093302594,0,1,0.8169428837353645
4264623066#281128119490,0,0,0.23123133897710274
2061392162#3043492443,0,0,0.2649487670721733
4606732629#4587249322,0,0,0.20749891044799537
1401982553#1401982372,0,1,0.5440962452590993
4167169697#4882622259,0,0,0.14130785142676422
2007838544#1321409006,0,0,0.21689388450463934
1560897004#2631411093,0,0,0.24143836948337336
18465768764#4402571427,0,0,0.4019005874759044
4041017449#4732077222,0,0,0.23123133897710274
1639157122#2114341514,0,0,0.4939727944874936
3598854563#4603499681,0,0,0.27287310566600287
361430891904#3502505322,0,0,0.2346734398619811
2720191918#3635899848,0,0,0.3281919037608909
4006257599#3967281611,1,1,0.6291716711141095
3633003734#2554762874,1,1,0.5602507015657964
2254264382#580549064505,0,0,0.2674567585085325
1875570554#2108617570,0,0,0.23123133897710274
1805797094#1565918483,0,0,0.18598820105293506
4041017449#4939070111,0,0,0.37466068155528093
3760470313#3862296444,0,0,0.23123133897710274
5093302594#1666737679,0,0,0.3636119645270219
5012378353#4587522516,0,0,0.2548028836973079
4094338175#3458373106,0,1,0.5292488014221456
2254264382#1799390134,0,0,0.38864860814731583
3417328243#4313472390,1,0,0.47092428104524003
4332290907#3913703465,0,0,0.2709986967987526
4010670765#1557678768,0,1,0.5079475838345681
4426887495#4006257599,0,0,0.23123133897710274
4991881551#4675092479,0,0,0.4556922706581805
2054656607#4659095325,0,0,0.23123133897710274
4509579066#3050036635,0,0,0.23225136273061142
4391848279#5103620556,0,0,0.18653061036076862
1711768137#3829368932,0,0,0.25115351137887754
191401378376#535595175332,1,1,0.7325254434519313
1774643505#3525476136,0,0,0.15724984396567399
1773082332#1407873390,0,0,0.18500358296782635
1639157122#4619843239,0,0,0.2504531685747213
4524049970#1783918544,0,0,0.09414723797640012
1726849895#2061110696,0,0,0.2963567572887598
3750321162#3551736332,0,0,0.1846497049072851
388960992073#238810853483,0,0,0.09686337454889812
361430891904#1784010637,0,0,0.2346734398619811
5168776505#2115121510,0,0,0.3179972505075119
4159031604#82326381534,1,1,0.6199737955403155
1690392435#1431841097,0,0,0.12622255519437617
1949694216#3728594582,0,0,0.4548519139651364
2063877224#1789407336,0,0,0.42561030638404523
4626053521#4591610567,0,0,0.45319482901636027
2063587581#2121552363,0,0,0.23123133897710274
4541989646#4848820948,0,0,0.29266663874046633
1748267407#1485299013,0,0,0.2030645122384877
3551736332#4797165686,0,0,0.2314998236785634
421393369392#1633175276,0,0,0.20668828457703525
1782375467#1384521138,0,1,0.7700250449592161
3417328243#4628600663,0,0,0.23123133897710274
4959796164#4422812389,0,0,0.18459808065979255
1671094707#3055538941,0,1,0.5347738766058276
1365425184#3708548775,0,1,0.5345342005485402
3991387948#3459782364,0,0,0.28983675136401926
1918807484#2944165247,0,0,0.23123133897710274
4624558262#2625038642,0,0,0.23123133897710274
4696335646#3046306290,0,0,0.20744073544025135
4612325788#3882105016,0,0,0.08893232341244987
3056436716#3417328243,0,0,0.23123133897710274
4499122001#4959796164,0,0,0.15769443762951446
4426887495#135716731104,0,0,0.21451152998989598
2554762874#3883531558,0,0,0.21011086308211482
2253596483#407642705986,1,1,0.7178941005739755
4959796164#144789463525,0,0,0.31115542114837713
158255665663#1639155385,0,0,0.08105467891890797
23700156902#3911660194,0,0,0.26218718863686313
3727406860#1816678631,0,0,0.2708340035014253
4282239841#3750321162,0,0,0.28744158928935587
3818902471#2051705675,1,1,0.7314133727120729
4522343644#3045195282,0,0,0.3259942023908433
164316289384#144789463525,1,1,0.5259689043156672
49450621842#4111406344,0,0,0.27324810007323097
4933601180#3550703733,0,0,0.2081325735078828
3033451903#4205995308,0,0,0.2809389682869782
4730592514#4944740006,0,1,0.6505072119883348
493119725481#1639157122,0,0,0.20237047183601106
4570599868#156117170736,0,0,0.23123133897710274
18467089718#4882622259,0,0,0.3699512328657876
2048788952#3897707450,0,0,0.23597718333140685
4020838298#2054953236,0,0,0.3318746356244446
2062867086#4402571427,0,0,0.10990914607663793
4655210982#5059287828,0,0,0.21003462518121385
3502505322#4993637002,0,0,0.23123133897710274
1848034697#444631792208,0,0,0.3558589744481639
451081926345#4332022336,1,1,0.5174776078154997
2119447541#1743158946,0,1,0.528234144115424
3829546123#1711768137,0,0,0.1281678920058927
1639373514#412056568264,0,0,0.2799403804322097
1918807484#4933601180,0,0,0.23123133897710274
3784845932#296646328589,0,0,0.16228857689929688
327318799155#4866004102,0,0,0.23123133897710274
4578818238#3339753670,0,0,0.4835598158599422
4855192008#48861374884,0,1,0.6028206506896315
1485299312#2055885530,0,0,0.47795842156398005
2134510956#4111406344,0,0,0.24612294762350723
1402158617#4132736065,0,0,0.23846345930801094
2092142602#4999395435,0,0,0.2567801169604809
4866004102#1768955738,0,0,0.24143836948337336
4589595603#1775476124,0,0,0.21965196847479873
1829096346#1844986349,1,0,0.401241277717236
4683128693#4683128792,0,0,0.2612762524124414
1744093020#3202650162,0,0,0.31192469256776073
4477152635#2111494388,0,0,0.34197248321936446
5067110667#4041017449,0,0,0.3302669723935905
4670902580#138962886124,0,0,0.3042602363141953
550633511658#158255665663,0,0,0.2629049658843069
610724884856#5050806766,0,0,0.21011086308211482
3801970394#4675067693,0,0,0.36949941553695836
5185529534#585216739399,0,0,0.23123133897710274
3508697475#3267793397,0,0,0.34837921475708045
1861556379#1950837411,0,0,0.2088353545514916
4797037452#3934620391,0,0,0.2843824505105214
138961536981#4628657238,0,0,0.22040361907804334
5137789006#5185529534,0,0,0.2401877364110004
117756682724#2112609950,0,0,0.3245925257701244
238810853483#138649305625,1,1,0.8057287098620094
407278558983#1701262215,0,0,0.1520190027312839
343207691350#2065123842,0,0,0.21680241691533841
49231316394#4933601180,0,0,0.19115146112474848
4547354791#2056050973,0,0,0.32753590605233807
2081310427#1946459818,0,0,0.24441739971099957
2062870562#4659095325,0,0,0.4652639687367697
44044455454#91821746394,0,0,0.23123133897710274
3826206182#4040861140,0,0,0.42119984787707954
427593909142#1485299018,0,0,0.2670546035493201
1799390134#4144101559,0,0,0.2573905803466684
1305862252#1701262215,0,0,0.2383681832066065
4913743600#4676620606,0,0,0.23553936344522391
1737790248#1950837411,0,0,0.23123133897710274
1321409006#1319944337,0,0,0.2896193591929636
110628469987#3927603556,0,0,0.2881700244245363
4862162402#5210078086,0,0,0.23947478941815836
4346006247#580549064505,0,0,0.17890534637796862
4953440832#1303430936,0,0,0.27809769504329535
4514169068#4911932997,0,0,0.23123133897710274
38189434441#4557843865,0,0,0.23123133897710274
4506715468#113560958124,0,0,0.29577273143293614
1365425184#191333072438,0,0,0.2454580631389516
4219781519#3564523840,0,0,0.2633848934353169
4144101559#54163692074,0,0,0.23123133897710274
161914880681#4257137636,0,0,0.23123133897710274
3579464172#4934245250,0,0,0.095574543999442
4639814245#4157396930,0,0,0.14807374858067857
102790670060#3831306920,0,1,0.7888965494285917
4274157585#3995939780,0,0,0.2955227213183088
25271558033#2254264382,0,1,0.531296651615783
4573019780#3454385494,0,0,0.205107886468777
26795163325#3722283336,0,0,0.2416062951189244
5051033030#14920393984,1,1,0.6865342942621805
1744093020#4530016607,1,0,0.4081262309459574
3991387948#1875570554,0,1,0.5102123279700285
38189434441#5122767609,0,1,0.839435623750442
189641559770#54501067062,0,0,0.3776124893497847
38189434441#5153649937,0,1,0.6476804205984598
3339753670#3550703733,0,0,0.28897856862415505
2071962865#3973290911,1,1,0.8192520047967197
18465850062#4683128792,0,0,0.22333454745150289
3459782364#3417328243,0,0,0.22955880115967228
3990733484#5168776505,0,1,0.5732372739943213
5153649937#138963054727,0,0,0.2536994809621728
4196598949#4091678032,0,0,0.297801700818871
3784845932#3002379949,0,0,0.18796197694116526
4464241165#2138943686,0,0,0.23123133897710274
5140039711#18467089718,0,0,0.19245632304088697
4081304066#3276122697,0,0,0.2709986967987526
2059194324#2054786962,0,1,0.5423648523379485
4045102508#4041026262,1,1,0.6100253502370327
4909154245#3084169617,0,0,0.2822127235838618
4157396930#4473639064,0,0,0.32647056677364805
2207679070#4020838298,0,0,0.27148276874525085
4283743489#422592070627,0,0,0.31410662170301507
4402571427#4006257599,0,0,0.20601086218498718
1861556379#1813034413,0,0,0.1703430649228653
422593661853#3055538941,0,0,0.3155650957216563
2873066884#37132781634,0,0,0.3301523220612013
580549064505#3496790707,0,0,0.1997099286738698
4848820948#4843658030,0,1,0.6506408703445171
4257137636#4165910360,0,0,0.18304036945193763
2056050973#4851639047,0,1,0.5044188019967112
3414226598#2111616240,0,0,0.23123133897710274
1645442429#407278558983,0,0,0.13020098342913153
1639157122#4590516019,0,1,0.8104657898671904
4720442113#1701420365,0,0,0.4401873502277242
4264623066#325294719982,0,0,0.17490480273290773
1875570554#3897707450,1,0,0.35844903311135884
2058703491#97378088946,0,0,0.20602784592188705
451081926345#110628469987,0,0,0.4304591464459758
2061392162#1386618246,0,0,0.24143836948337336
102790670060#31577621677,0,0,0.4828143305283969
4128826467#3618222408,0,1,0.533826500750088
3797481052#52473443269,0,0,0.23641787988199972
2061110696#2053826326,0,0,0.40282391346880736
1415431851#81226585052,0,0,0.25627816560172934
3781728770#2070119945,1,1,0.6813999902151867
35050759831#5168776505,1,1,0.5730917421413072
2070081045#585216739399,0,0,0.23123133897710274
2168053392#2254264382,0,0,0.2709986967987526
5059287828#5061207560,1,1,0.8178254260062473
2071777451#3046812325,0,0,0.35920514294217115
5062878913#2059020105,0,0,0.4102600775948418
4185911295#4522343644,0,0,0.2977094502544526
2071962865#4295043985,0,0,0.433428831012186
4732077222#4295043985,0,0,0.4347313926520902
4157401170#3645501595,0,1,0.5318593196992896
4527413574#4855531635,0,0,0.3644817573747269
134867489837#2064248002,0,1,0.5440138923333534
4157401170#4572590009,1,1,0.85124405859112
388960992073#8484260087,0,0,0.20838625294766205
82466780870#1802113995,0,0,0.41222482297597995
1497894212#1500005536,0,0,0.10502271032418885
3491525687#3770309546,1,1,0.7693508616713414
4673696842#3072545115,0,1,0.5032846760125063
4289285913#160443202314,0,0,0.27170582844474084
4360817571#2146884621,0,0,0.3696822279115379
3415881960#2078630441,1,1,0.7693210386645131
4104893219#3239345949,0,0,0.2595864931395467
2075416377#3120630195,0,0,0.421181915652407
4959796164#4953440832,0,0,0.26910255744619355
3055420907#2060227695,0,0,0.23123133897710274
1816678631#4520440216,0,0,0.23982810436392524
31577621677#2056662276,0,0,0.4459749102503443
4959796164#1491808729,0,0,0.3607787256306018
1386769919#4185911295,0,0,0.1827484470225269
439640898475#1737790248,0,0,0.23123133897710274
3884030694#4361945080,0,0,0.23123133897710274
37132781634#5153649937,0,1,0.5909500775406471
5123172296#5103620556,0,0,0.24376037323552813
3770199438#3753647572,0,0,0.27523383975579824
4450876341#2075117106,0,0,0.23123133897710274
4619843239#2554762874,0,0,0.21965196847479873
2111999386#5092340558,0,0,0.22040361907804334
4570880462#312476159692,0,0,0.21689388450463934
1657111787#1639256138,0,0,0.19126591928180525
4345891873#2074381365,0,0,0.3614342121337638
323299606725#3990733484,0,0,0.3510277581658508
4933601180#2554762874,0,0,0.23780984612766368
1768784044#4670277179,0,0,0.30985063778809624
1549865107#2338797804,0,1,0.6245875306187335
4289285913#4165910360,0,0,0.42358884583421685
4020838298#4464225618,0,0,0.36767125524099664
1639330963#1639155385,0,0,0.48214579297769933
5166721362#49450621842,0,0,0.23123133897710274
4595119059#550633511658,0,0,0.2968676398347701
4483699071#3990733484,0,0,0.45168946824753614
2007923073#2058881485,0,0,0.3793709918257127
4422812389#4499122001,1,0,0.4990566539524027
323421711132#3806763143,0,0,0.23123133897710274
235475987798#4649420935,0,0,0.23123133897710274
199104051031#3114734058,0,0,0.24634174566639785
1374712246#3652204966,0,0,0.18861733575510142
4706331170#2065643741,0,0,0.2709986967987526
3753647572#2138943686,1,1,0.7424925661094057
3114734058#3797469476,0,0,0.27170582844474084
4676620606#2055885530,0,0,0.23123133897710274
1875570795#3935465939,0,0,0.20871515699579907
2074538866#4466176551,0,1,0.5910880590193239
4348498011#5051033030,0,0,0.34355060083427325
3271713292#1485299312,0,0,0.3258187693872247
2111616240#4855192008,0,1,0.6087625628828088
2111999386#493119725481,0,0,0.19890374908125616
4897934962#3299466058,0,0,0.3695282525152337
4839116665#4259834054,0,0,0.17396670020325875
2065166575#4522343644,0,0,0.27185074895362366
235475987798#3967281611,0,0,0.234034868321001
5092340558#4913756270,0,0,0.27523383975579824
4195846379#4132736065,1,1,0.7314866415716594
1783918544#302661384233,0,0,0.2162005729927557
4737466020#3525476136,0,0,0.19210223747665087
3798427322#5099092267,0,0,0.16505945138835415
4464267701#2065643741,0,0,0.23123133897710274
2069807272#1386618246,0,0,0.24143836948337336
59657910044#4391848279,0,0,0.24697782036767943
2055885530#4289285913,0,0,0.23123133897710274
1326203809#138962886124,0,0,0.2285733183572888
238810853483#3846933347,0,0,0.4235916053887914
4934245250#550633511658,0,0,0.17823326972933823
3047029968#5166622275,0,0,0.3562877855324625
4062216502#1401982372,0,1,0.5052154496192933
4589673799#5214133765,0,0,0.24061214224600927
5099092267#3511353262,0,0,0.23081407846476454
2146884621#4530016607,0,0,0.3922482388975756
3239345949#3055420907,0,0,0.20812580871789316
199104051031#68208094552,0,0,0.23123133897710274
1500005536#2121552363,0,0,0.23123133897710274
4951787412#4959796164,0,1,0.7790146754140687
2056243161#2072223571,1,1,0.9632279828426561
54353744279#1950837411,0,0,0.14654830293914914
3716141957#39450581767,0,0,0.3747761906799575
4361945080#4607726453,0,0,0.4005486069952909
4099060832#3797577168,0,1,0.7856219430969963
3239343165#4433126615,0,0,0.2666170276883348
4606732629#4675067693,0,0,0.3041727537278874
4675067693#1802211277,0,1,0.6823843610098522
4955195008#4127765656,0,0,0.2387130483934362
2062832759#3538444870,0,0,0.24143836948337336
1410206420#5140039711,0,0,0.18570410165797807
1303430936#4197957154,0,0,0.3308355761382228
4780848531#4441056785,0,0,0.23123133897710274
96344432148#178251297462,1,1,0.562401441791299
2205022736#4426887495,0,0,0.23123133897710274
4659095325#4464262179,0,0,0.23123133897710274
3579464172#4966082198,0,0,0.16020983314240078
1391516565#3271713292,0,0,0.23123133897710274
3937983666#1558134955,0,0,0.30029737045564964
1666737679#1627148430,0,1,0.7672328817907568
2314435227#2255999084,0,0,0.1974409298939505
3435281641#3913210887,0,0,0.48589990656895
82466780870#4111406344,0,0,0.23123133897710274
2071777451#4726348614,0,0,0.23123133897710274
3622118220#1639373514,0,0,0.23123133897710274
4780848531#4726348614,0,0,0.23123133897710274
5066791120#4826662409,0,1,0.6839613694768469
1374712246#49450621842,0,0,0.23123133897710274
2027930795#2554762874,0,0,0.23123133897710274
4643643168#1645442429,0,0,0.32578223405018253
1548025566#3997184387,0,0,0.1758720813725171
1415431851#3937803478,0,0,0.23123133897710274
60746273843#4435502516,0,1,0.502444559387838
18465768764#4070350685,0,0,0.24947038594992454
54353744279#4826662409,0,0,0.2170550775510738
3770309546#82466780870,0,0,0.23123133897710274
189641559770#2115186615,0,0,0.28899497808399827
4999395435#4360817571,0,0,0.28726376363077005
1920508153#3551045844,0,0,0.21476490936361425
3995939780#4205995308,0,0,0.2667357798670133
4541989646#4091600300,0,0,0.23123133897710274
2092142602#3635899848,0,0,0.3281919037608909
4126391754#3618769182,0,0,0.24808501484516673
1560897004#2053553978,1,1,0.597712292758019
3538444870#3770199438,0,0,0.2165277481741103
4206160273#4696140824,1,1,0.6936390570067088
3060159815#2255999084,0,0,0.21814522096750116
5103624144#2116384872,0,1,0.5704702752476773
3966652517#3791242869,0,0,0.23123133897710274
4506715468#5068270943,0,0,0.18920404193750492
3496790707#3862442483,0,0,0.16924659563886357
1784010637#2078830490,0,0,0.33644624169298104
4839116665#2207679070,0,0,0.3736974932169151
4953440832#5214033793,0,1,0.5052677711365473
4433126615#4435502516,0,1,0.5132125870759291
4676620606#4657375255,0,0,0.18967551107883635
1402158617#3249351499,0,0,0.2773191757870809
4650405536#4913743600,0,0,0.21011086308211482
5041514024#3931035425,1,1,0.7792771635663184
3897707450#3991387948,0,0,0.3834734571512156
5045583576#4573019780,0,0,0.31480924322285037
3002379949#3842666513,1,1,0.5877535355218719
4726348614#4522343644,0,0,0.2709986967987526
4091678032#2074538866,0,1,0.5224325078338433
1748267407#1727840041,0,0,0.21364952572624193
5214349442#1639330963,0,0,0.05322144223404543
5115124673#4676620606,0,0,0.23123133897710274
2112308266#3829368932,0,0,0.33644624169298104
4538489291#6633414875,1,1,0.5065577165174608
3945405605#3842666513,0,0,0.41621701701565494
4529952057#1549865107,0,0,0.22353043156497304
14920393984#4457940843,0,0,0.2706531238096593
172087618689#4081304066,0,0,0.2709986967987526
3502505322#82466780870,0,0,0.2346734398619811
4607726453#4742632507,1,0,0.4813022958224997
4970014021#3913703465,0,0,0.23671202450147466
2011135203#2056136170,0,1,0.7565910303142818
1815633130#407642705986,0,0,0.30520201297108507
2066608628#3844463116,0,0,0.28257670898319015
610724884856#2059019411,0,0,0.3602071314897695
3798427322#4391848279,0,0,0.22323564903606577
3826206182#2123105045,0,0,0.29442511069137184
332289128117#2063077902,0,0,0.2538890308058242
3937983666#1815633130,0,0,0.44078222652386073
4628657238#2065044531,0,0,0.24143836948337336
4628982425#18467089718,0,0,0.2142666436887664
4855192008#4628982425,0,0,0.16896262421636513
2058434584#134867489837,0,0,0.21262318979253086
4951787412#5122767275,0,1,0.6388502307252286
3322922498#1711768137,0,0,0.23123133897710274
3954693062#159824143431,0,0,0.18198304987943814
3842666513#3862296444,0,0,0.23123133897710274
4797037452#2064651676,0,0,0.23558825705984332
325294719982#71134452360,1,1,0.5943391779721503
3927344890#81226585052,0,0,0.16467653569646495
4971996310#5182358949,0,0,0.28193656962727554
39450581767#325294719982,0,0,0.4132481329425458
4260655307#4278997793,0,0,0.24438718771810575
1639155385#2011135203,0,0,0.21858370529940693
191333072438#201180045587,1,0,0.37004201047354907
2078830490#3829368932,0,0,0.33644624169298104
8431816618#2045415682,0,0,0.23123133897710274
1671094707#2112093012,1,1,0.5925819090147522
580549064505#3967289494,0,0,0.44950980936015983
3913703465#422593661853,0,0,0.23598044103194687
4433126615#3846933347,0,0,0.23513737089012998
4657420264#1382158663,0,0,0.24701919875199285
3579464172#5214133765,0,0,0.17872303107081375
6633414875#4578818238,0,0,0.10989577718850185
5050806766#5140039711,0,0,0.180516486349357
4457940843#1623108666,0,0,0.2688753889511436
4135061499#4417954604,0,0,0.25896759755429016
238810853483#3914990489,0,0,0.2749696332596448
2056226500#23700156902,0,0,0.23603001583369715
2202311541#5122767275,0,0,0.24143836948337336
1743158946#2071777451,0,0,0.23123133897710274
3954693062#1816678631,0,0,0.22040361907804334
4993637002#4649420935,0,0,0.23123133897710274
4283743489#3491525687,0,0,0.29332734527958165
4683128792#4683128695,0,0,0.14789985503920602
3339753670#2062867086,0,0,0.29135646770136636
4866004102#4206401183,0,0,0.49792067634594356
4742632507#4161800645,0,0,0.08887954552552006
3697829010#4195846379,0,0,0.23123133897710274
4675092479#2152113149,0,0,0.27841274459042503
4448881535#4752061423,0,0,0.1797318321942292
3618769182#2007923073,0,0,0.22040361907804334
1743158946#1627148430,0,0,0.4890313139286954
4471449591#3831306913,0,0,0.23123133897710274
14613484963#4464262179,0,0,0.23081407846476454
49231316394#4855192008,0,0,0.37025879215584795
4717447481#4732077222,1,0,0.4347313926520902
4606732629#4913743600,0,0,0.18898264914832907
485901844230#2111494388,0,0,0.23123133897710274
1775476124#2134510956,0,0,0.23123133897710274
4274157585#1975046609,0,0,0.27047013791997
1558033867#3551736332,0,0,0.3609808111512343
4635983959#580549064505,0,0,0.4500129424993531
1785437365#2134805159,0,0,0.19045045579250566
102790670060#65121698593,0,0,0.4828143305283969
3046447513#4332290907,0,0,0.21060980982909477
4104893219#5174571094,0,0,0.22206231182753827
4006257599#4975601232,0,0,0.33139279388315884
3797577168#4128826467,1,1,0.7856219430969963
4455910772#4439261965,1,1,0.5603699306994789
4570880462#4970198147,0,0,0.2709986967987526
4475471841#1701262215,0,0,0.28240071901526126
4435453955#2054656607,0,0,0.09153343970205245
4951787412#71134452360,0,0,0.37692059196909183
3831306920#2059020105,0,0,0.17333504960241838
1319944337#436506547782,0,0,0.19675574230707568
2058849144#4195846379,0,0,0.23123133897710274
4038779740#4260655307,1,0,0.4734677423498714
1975046609#158255665663,0,0,0.232092411205917
1783918544#4741125055,0,0,0.2709986967987526
2054953236#2123105045,0,1,0.6382534885708102
4205500523#3633003734,0,0,0.4234825119732945
412056568264#5182358949,0,0,0.2723712253575352
2108617570#1305862252,0,0,0.16747031632670822
3883531558#4623963992,0,0,0.267996813913567
1627148430#4855192008,0,0,0.21231724542285807
2134510956#2128587019,0,0,0.32115975949980496
5061207560#3551045844,0,0,0.2709986967987526
26795163325#18465850062,0,0,0.24143836948337336
3551737148#2064049724,0,0,0.2555619652811205
117756682724#4206249296,0,1,0.7212305549353919
26795163325#2057787086,0,0,0.48296092654385603
4040861140#4126391754,1,1,0.6586488048374716
3415881960#4657296734,0,0,0.10805691830844676
138961536981#4165241952,0,0,0.22340544010605584
2059019411#3458091636,0,0,0.1289722354960016
3945392968#3990733484,0,0,0.48237008536566406
4780848531#2064651676,0,0,0.23123133897710274
4923640936#82466780870,1,1,0.6182149073032185
4435502516#4435546738,0,0,0.2519672664442301
3267793397#5137789006,1,1,0.6371086321883578
1639423540#4643643168,0,0,0.29179542416103693
4797165686#4855531635,0,0,0.2427029580548719
49450621842#52473443269,0,1,0.7021688653640793
1326203809#5006683632,0,0,0.2445165121294626
5115124673#4911932997,1,1,0.6274698458230878
4524027950#4295043985,0,0,0.20744073544025135
336556403061#1701420365,0,0,0.17114189288105103
4040037171#5021492854,1,0,0.2623586106509871
2062905665#4464225618,0,0,0.43141764723552023
4935501979#1558033867,0,0,0.4180849345956242
1502392118#4855192008,0,0,0.220782555288983
1784010637#3502505322,0,0,0.2346734398619811
5174571094#49475347464,0,0,0.21965196847479873
2062832759#3927603556,0,0,0.46544850047822983
2075416377#2069807272,0,0,0.40615878103920966
160443202314#4855074111,0,0,0.23123133897710274
29004068614#3954693062,0,0,0.191231490836007
4726396976#550633511658,0,0,0.3153199895795915
4639874115#4763332016,0,0,0.207720602423487
3934620391#2058207302,1,0,0.2846272030314874
3033451903#2061892659,0,0,0.15180470047385025
436506547782#5185554343,1,0,0.22396870945101396
4589801151#4040037171,0,0,0.22393835832477652
2338797804#3276122697,1,1,0.8003674148746802
3459782364#1423111094,0,0,0.2764216040114138
5066791120#54353744279,0,0,0.3140372178294166
2138943686#5092340558,0,0,0.27523383975579824
4345891873#2027930795,0,0,0.22667953737600965
3934620391#4623176202,0,0,0.21965196847479873
3468099011#4772914163,0,0,0.23123133897710274
30229648606#4657420264,0,0,0.4243889829442963
2114341514#2069309301,0,0,0.3942240629251924
4530039449#4639874115,1,1,0.7745820306987965
1491808729#4135061499,0,1,0.6282376548888767
3067096711#1423111094,0,0,0.26534332626855833
4923640936#53433220404,0,0,0.38491096625395027
201557135125#82466780870,0,1,0.5479844472454383
5031485182#1974801707,0,0,0.1544396723304473
110628469987#4332022336,0,0,0.273001616376211
4165241952#2058703491,0,0,0.22499983558061815
4826662409#3621961786,0,1,0.7765900878668526
3835278364#436506547782,0,0,0.17333504960241838
1666737679#3881849655,0,0,0.35824772226559454
4282239841#1835570826,1,1,0.5424672069514666
94446712413#2064386479,0,0,0.18500358296782635
4991881551#1634624894,0,1,0.6782937746651959
4683128695#4683128693,0,0,0.22801844598490817
493119725481#2061892659,0,0,0.22293256901729847
2631411093#5122767609,0,0,0.24143836948337336
580549064505#4913620658,0,0,0.39209359513752934
4416674399#3708433646,0,0,0.23123133897710274
5174571094#2111616240,0,0,0.3152549565858078
3417328243#4817865335,0,0,0.23123133897710274
509348036756#276403558061,1,0,0.30828999859228207
3801970394#4471449591,0,0,0.22294046662972883
4058724297#4429293356,0,0,0.2952856382163866
1500005536#1304937637,0,0,0.34946534847632776
3797481052#2314435227,0,0,0.30969925501055845
3339753670#3525476136,0,0,0.18388575376297464
135716731104#90088944269,0,1,0.588262205098964
4220489232#3322922498,1,0,0.3030961199238324
2057667662#3077676449,0,0,0.0839328519894727
178471540370#4257137636,0,0,0.19700318600030264
5099092267#47066263949,0,0,0.27170582844474084
1848079063#178251297462,0,0,0.2562866108152608
4424218136#3560731752,0,0,0.2537608194717559
4934245250#2063587581,0,0,0.20064043185327893
20177117584#3897875146,0,0,0.23123133897710274
58971109124#1784010637,0,1,0.6090070636121468
4383857081#1726849895,0,0,0.23123133897710274
4020783867#4572223100,0,0,0.19825798958967988
3967281611#4589673799,0,0,0.367435796089489
38189434441#2066608628,0,0,0.21632504882530174
2060056771#2044195515,0,0,0.23654739746234515
2069807272#3829546123,0,0,0.2555619652811205
3927603556#3560731752,0,0,0.20226671146343186
1549865107#421393369392,0,0,0.24143836948337336
4424218136#2070081045,0,0,0.37597431306955004
4464241165#4675092479,0,0,0.23982810436392524
4934245250#3239343165,0,0,0.23123133897710274
2253596483#178471540370,0,0,0.30144149473470205
56587760546#4824169309,0,0,0.343671365067984
4464241165#4793454229,0,0,0.23080032597518543
4541989646#2053553978,0,0,0.23123133897710274
1932527171#3708433646,0,0,0.3026731663090187
4283743489#5140039711,0,0,0.23168761692673975
1923282767#138962886124,0,0,0.2718548379259903
2115186615#451199299348,0,0,0.23081407846476454
2062870562#5098221599,0,0,0.14020695011769208
4522343644#4706331170,0,0,0.2709986967987526
2055658829#53433220404,0,0,0.20744073544025135
4709177500#4524027950,0,0,0.2897033150935802
2058703491#437850700068,0,0,0.34621893608538623
1768955738#3884030694,0,0,0.23123133897710274
423255649219#31577621677,0,0,0.23123133897710274
4752061423#31577621677,0,0,0.23123133897710274
3618222408#1416247746,0,0,0.1592156783327936
1614486994#1882915934,0,0,0.23123133897710274
1690392435#1326203809,0,0,0.23081407846476454
4538489291#5027483278,0,0,0.2836492402103135
138649305625#2075117106,0,0,0.23123133897710274
4971996310#4514169068,0,0,0.23123133897710274
160443202314#161914880681,1,1,0.7362329473731348
3052336116#4628982425,0,0,0.27593536788850853
493119725481#2055878959,0,0,0.23004203944853574
2007838544#4489623613,0,0,0.21689388450463934
427593909142#5214033793,0,0,0.44230197311889186
1743158946#4443083796,1,1,0.616022396769622
1621413330#4935513479,0,0,0.23123133897710274
4062216502#3621961786,0,0,0.22040361907804334
4142253323#3496790707,0,0,0.30906196578973033
3496790707#388960992073,0,0,0.15241698834599124
2121552363#1784010637,0,0,0.23123133897710274
2058489457#4506715468,0,0,0.17864489362766822
2112093012#4955195008,0,0,0.2232416090715935
4862162402#1639157122,0,0,0.32177323901754573
20248125819#4797037452,0,0,0.2866117939911188
585216739399#281128119490,0,0,0.2558122842188615
4970198147#4167169697,0,0,0.30933857486635247
2063077902#3986635625,0,0,0.43100561758291556
4526600536#1789407336,0,0,0.15696166015533322
5123172296#2045215940,0,0,0.2097946119544249
2055375491#2168053392,1,0,0.4423885628375813
3444192698#4855192008,0,0,0.2009730988785889
4741125055#336084797451,0,0,0.2709986967987526
2067590020#2115121510,0,0,0.22548163137526167
4272798975#4243154090,0,0,0.23123133897710274
580549064505#5051033030,0,0,0.2310573640332671
2178100450#1485342380,0,0,0.3103051361391599
3884030694#4020838298,1,1,0.6549489438610037
1721812143#2007923073,0,0,0.3758515433280713
5031485182#3636255407,0,0,0.08043656173504762
4455910772#2066608628,0,0,0.28305315063508907
4959796164#5012377514,0,0,0.23081407846476454
4426887495#2057787086,0,0,0.28305315063508907
60502455786#4958009936,0,1,0.5025382618049804
4157396930#2168053327,1,1,0.5796693104003884
4264534612#1305862252,0,0,0.24808501484516673
49231316394#4655336845,0,0,0.23706941961067302
4608143553#2977432095,0,0,0.3117424273393064
1737790248#4843658030,0,0,0.2773211238117558
2063587581#4623176202,0,0,0.21965196847479873
4720389596#3937983666,0,0,0.3744163829317816
4422812389#4649420935,0,0,0.23123133897710274
4471449591#3990733484,0,0,0.21011086308211482
3067096711#4439261965,0,0,0.2699215808743108
136929841403#3072545115,0,0,0.2097946119544249
3633003734#107140664995,0,0,0.23123133897710274
3459782364#283482842835,0,0,0.28305315063508907
5210111592#4094338175,0,0,0.17508792082591465
1549865107#3835278364,0,0,0.17333504960241838
4808142872#4020783867,0,0,0.40885955186955675
2071962865#4696140824,0,0,0.20061305171778443
1811606367#1823372268,0,0,0.31991216448615845
4466176551#158255665663,0,0,0.1997099286738698
4848820948#323421711132,0,0,0.3549049533443724
4483699071#4639814245,0,0,0.23123133897710274
1415431851#156116022807,0,0,0.1618967199327114
2055375491#1319944337,0,0,0.2709986967987526
1558134955#3862296444,0,0,0.23123133897710274
3727406860#1799390134,0,0,0.4690130480086658
3770199438#2138943686,0,0,0.27523383975579824
281128119490#4346006247,0,0,0.20323344720135267
1321408657#4717447481,0,0,0.20744073544025135
2055885530#4359345479,0,0,0.4154005167912664
4993637002#5166721362,1,1,0.8502792847126162
4959796164#5153649937,0,1,0.623118738608938
2059772017#2123088534,1,1,0.6710340366490352
3722283336#2205022736,0,0,0.256929637696329
1304937637#1453322140,0,0,0.24143836948337336
3927195586#3911660194,0,1,0.8345203339637314
2359147867#4361945080,0,0,0.36707309417540995
4763332016#5139738145,0,0,0.21689388450463934
4848820948#2053553978,0,0,0.23123133897710274
4530016607#1384521138,0,0,0.20802228509954027
4737351580#4877425733,0,0,0.23123133897710274
4808142872#3860598463,0,0,0.25573487666998423
2253596483#3558421110,0,0,0.3279311509819751
4522343644#4132736065,0,0,0.21521686797521666
1774643505#336084797451,0,0,0.300427339387987
1835573063#4439261965,0,0,0.32007125931080843
2064651676#2062281479,0,0,0.27630235262192304
1882915934#3339753670,0,0,0.19411963448959926
4450588934#3991387948,0,0,0.25026201624571975
48901612818#37372627174,0,0,0.23123133897710274
2058737730#327540253581,1,0,0.45359371603548565
3351547434#33614269069,0,0,0.23123133897710274
2074538866#4361532031,0,0,0.4166914540644135
3567360966#4911932997,0,0,0.23475798690345268
4159031604#4219305678,0,1,0.6618204189825229
2116384872#4697095949,0,0,0.31867000672744517
1304937637#3716141957,0,0,0.2776020077034491
3538444870#138649305625,0,0,0.18357409656194462
4361532031#3511353262,0,1,0.6001369873820934
450099632797#30229648606,0,0,0.23123133897710274
4754817670#5066791120,0,1,0.7718224933409659
3826206182#4197957154,1,0,0.4850927133761789
4429293356#2058670200,0,0,0.30483504519377813
4466176551#4619843239,0,0,0.2631088075059759
4345891873#1727840041,0,0,0.3506311640068075
2069518104#3883531558,0,0,0.35705536520542014
3709911667#3875487514,0,0,0.27170582844474084
2056703740#4530039449,0,0,0.2964672705534334
2060227695#3033451903,0,0,0.18023461558261566
4133854035#4448881535,0,0,0.10094298204889204
4524027950#4933601180,0,0,0.1705965059154829
6633414875#1918807484,0,0,0.23123133897710274
4911932997#5168776505,0,0,0.34729066862643027
3046735232#3046306290,0,0,0.3137444423439434
3045195282#4391848279,0,0,0.31910464943098077
1305862252#2054786962,0,1,0.6735409267402978
4111669223#48901612818,0,0,0.2181667388121723
47066263949#2064651676,0,0,0.27170582844474084
2061392162#2053116658,0,0,0.14047070237858109
2057667662#1802211277,0,0,0.16682375169972324
2062901374#4094338175,0,0,0.26567375201113996
4499122001#4041017449,0,0,0.24976555510140602
2060056771#3458091636,1,1,0.6857171377207923
3550420996#18467089718,0,0,0.20482782752402368
4206008942#2064229512,0,0,0.3537928002456247
4162025424#4219305678,0,0,0.24127872415380833
189641559770#3636255407,0,0,0.11410690970095444
3954693062#201180045587,0,0,0.44185153817363404
2062066566#91821746394,0,0,0.23123133897710274
2625038642#4466060368,0,0,0.277549992473661
3997184387#2056136170,0,0,0.38411989159140364
4591610567#5031485182,1,1,0.7218541664962088
4852065333#5174571094,0,0,0.234034868321001
2063077902#2063850988,1,1,0.6942138548412204
3954693062#619944752073,0,0,0.32760739424902635
3468099011#3997184387,0,0,0.24685152434150914
4162025424#4257137636,1,1,0.57086666078107
3088007378#1701420365,0,0,0.46835513593165823
4862162402#59657910044,0,0,0.2580964734748411
5059287828#3454385494,0,0,0.34837921475708045
1946459818#4206249296,0,0,0.24441739971099957
2062870562#2625038642,1,1,0.9164183778400942
4623176202#2399396768,0,0,0.2092189042115545
2069194582#4919686468,0,0,0.23123133897710274
1811606367#1806456429,0,0,0.4366794067592486
5139738145#4787160203,0,0,0.24399806932676849
191401378376#3395210543,0,0,0.24835757545712503
3990733484#3072545115,0,0,0.47376866680465995
18467089718#113940354812,0,0,0.16947047996819928
179195001984#556384743931,1,1,0.6542610301231876
4913620658#24789176545,0,0,0.23123133897710274
4944977785#1639256138,0,0,0.08688613151622261
5068270943#2058670200,0,0,0.17684442156344393
4435542241#3913703465,0,0,0.12136052478749022
4787160203#1799390134,0,1,0.8330698908479204
4933601180#3043492443,0,0,0.24143836948337336
2055878959#4425600562,0,0,0.23123133897710274
336084797451#2061948762,0,0,0.300427339387987
2060056771#4506715468,0,0,0.17824250619764453
3454385494#3995939780,0,0,0.2667357798670133
4603499681#4295043985,0,0,0.44649973800215287
4402571427#1806456429,0,0,0.23123133897710274
3784845932#4077259221,1,1,0.8100682820167205
441422692319#4167169697,0,0,0.1589096446892961
3911660194#5174571094,0,0,0.4127066232834846
3276122697#3072545115,0,1,0.5893660132754962
1639330963#4062216502,1,1,0.6964474919928892
4045102508#161914880681,0,0,0.23368302957205028
4934926045#94446712413,0,0,0.20126719484024924
4257137636#4923640936,0,0,0.29050408005455397
5139738145#2060227695,0,0,0.18023461558261566
2064049724#4346006247,0,0,0.18149446252093504
4855074111#4934245250,0,0,0.23123133897710274
2146884621#1744093020,0,0,0.4058109800069472
4557843865#2254264382,1,0,0.4503210935064465
4657420264#2056136170,0,0,0.21198021450710147
3454385494#3082192822,0,0,0.23123133897710274
4219781519#5021492854,0,0,0.22393835832477652
4913743600#4675067693,0,0,0.14254123799827204
2007939398#4572590009,0,0,0.22117503117959
201180045587#4855074111,0,0,0.23123133897710274
1326203809#4675092479,0,0,0.2336757821359587
1727840041#3622118220,0,0,0.23123133897710274
3760470313#3708548775,1,0,0.41857885585780846
3551737148#1835573063,0,0,0.24286864669672462
4696335646#421393369392,1,1,0.6186333763134422
4991881534#336556403061,0,0,0.3196366175447225
4248665066#4425600562,0,0,0.23123133897710274
4020838298#2055658829,0,0,0.2279446901150539
4040861140#2720191918,0,0,0.23123133897710274
416910186231#1773082332,0,0,0.23123133897710274
1401982553#1639155385,1,1,0.8323591239639275
1453322140#1806456429,0,0,0.23123133897710274
5092340558#4020838298,0,0,0.2630506795294531
4514169068#1321408657,0,0,0.23123133897710274
4075760647#3781728770,0,0,0.3217001112000048
3525476136#2062905665,0,0,0.29383511636810866
3709052310#4650344731,0,0,0.23123133897710274
1785437365#2255999084,0,0,0.1838735505044536
4501428482#4955195008,1,1,0.8991302799385048
3046306290#2048788952,0,0,0.25083474353101676
3826134250#4391848279,0,0,0.18082207971564007
178251297462#2054656607,0,0,0.23447967521661045
5186378802#3927603556,0,0,0.21011086308211482
3782209919#296646328589,1,1,0.7605203461395277
4417954604#4477152635,0,0,0.2940582337139456
4530039449#4161766533,0,0,0.33658450491830416
4676945807#4464267701,0,0,0.19675574230707568
2057787086#4391848279,0,0,0.3367016425720963
2119475368#3882105016,1,0,0.23124510248363223
4359345479#4243154090,0,1,0.7229377662578684
421393369392#2058489457,0,0,0.24143836948337336
4526600536#4242576131,0,0,0.23123133897710274
4624558262#2056226500,0,0,0.47776585292241036
1557678768#1882915934,0,0,0.21710227158348935
1386618246#4933601180,0,0,0.24143836948337336
5154554715#4530016607,0,0,0.1631532684991654
3114734058#3708548775,0,0,0.23123133897710274
2067590020#1497894212,0,0,0.2896796978943824
4935501979#3914990489,0,0,0.279793517119885
4589801151#4590516019,0,0,0.18156620576426116
1844986349#1558033867,0,0,0.30117499621382443
4222830447#4728019061,0,0,0.29723969910742365
3764168689#2062832759,0,0,0.2192496439037825
5174571094#5092340558,0,0,0.234034868321001
4628982425#86403779490,0,1,0.5743163209417448
59657910044#1391516565,0,0,0.32384561850617827
2058385981#138963054727,0,0,0.2364998313079567
3339753670#2134805159,0,0,0.21809172122750128
1639157122#4866004102,0,0,0.25773156272790954
4730592514#4524027950,0,0,0.23123133897710274
4157396930#1875570795,0,0,0.3299406483232053
1623108666#3914990489,0,0,0.4278780952313723
5174571094#2063587581,0,0,0.26318959997936897
135716731104#4622896603,1,0,0.4667934622352664
3067096711#1802608944,0,0,0.37687189623917533
1623108666#1558033867,1,1,0.7223636413640063
131792614672#2069807272,0,0,0.23123133897710274
174309766992#4934245250,0,0,0.23377976310847898
1639155385#1639157122,0,0,0.47897138476597956
1500005536#1672066227,0,0,0.16604898557511416
4817865335#201557135125,0,0,0.23123133897710274
14613512425#178709407236,0,0,0.22040361907804334
156275023490#580549064505,0,0,0.2534447523813566
5050806766#323299606725,0,0,0.3510277581658508
4416674399#2092142602,0,0,0.17737347294596637
4478450396#1802608944,0,0,0.335157171638574
1305862252#4435453955,0,0,0.17077522206731802
2062867086#1737790248,1,1,0.5023197721961361
1634366430#4383857081,0,0,0.23885898801611824
4862162402#4763332016,0,1,0.7708872527273051
1666737679#4541989646,0,0,0.20547976697254644
2007838544#580549064505,0,0,0.22994885714514068
2114341514#49450621842,0,0,0.2778567584799933
178471540370#54501067062,0,1,0.5639633127822787
1382158663#3618769182,0,0,0.23123133897710274
3041214478#4075760647,0,0,0.17046507046152073
2055658829#54158072521,0,0,0.29486282415888304
3831306920#3831306913,0,1,0.8848589438673581
5168776505#2063877224,0,1,0.5910569364054027
4295043985#4628982425,0,0,0.1974409298939505
1365425184#3842666513,0,0,0.47446528637326674
1565918483#2062901374,0,0,0.23218604438841886
2081310427#2074538866,0,0,0.1472033667487657
2932008834#3935465939,0,1,0.5536894766336075
3966652517#5123172296,0,0,0.31539656190980214
4595119059#1816678631,0,0,0.23123133897710274
3046734634#1305862252,0,0,0.14933641218881155
1369866993#4439261965,0,0,0.2679212748899549
4635983959#1701262215,0,0,0.3712950801512517
5210111592#4435453955,1,1,0.5462778386112541
2067590020#3846933347,0,0,0.2699497041959548
1711768137#1416247746,1,1,0.909661893317053
4808142872#4737351580,1,1,0.6859911051701252
395685899087#4272798975,0,0,0.22040361907804334
3459782364#4851639047,0,0,0.28625103603471114
8484260087#96464483573,0,0,0.23494381240875828
2063077902#1560897004,0,0,0.0861482507634494
3618222408#366875248163,0,0,0.23123133897710274
4590104087#1639330963,0,1,0.5743894057344029
2007923073#2056243161,0,0,0.3173483397453403
3400949384#3435281641,1,1,0.5305218731696442
3043492443#1549865107,0,0,0.18159008836230672
138649305625#1671094707,0,0,0.23081407846476454
336556403061#2045215940,0,0,0.28533963328503187
2338797804#3055420907,0,1,0.5909359237886086
4624558262#3059594160,0,0,0.23704975495251734
4752061423#4572223100,1,1,0.6064042235814574
1920508153#140581144985,0,0,0.23123133897710274
1801949283#2074538866,0,0,0.20744073544025135
4259834054#3511353262,0,0,0.28305315063508907
1813034413#55721888445,0,0,0.14564325636402198
3708976648#2011422795,0,1,0.7929721007444543
302661384233#4473639064,0,0,0.2709986967987526
535595175332#3927603556,0,0,0.2335897375990229
1774799298#3995939780,0,0,0.22748885270113928
29004068614#2061110696,0,0,0.28306832476931826
3339753670#4077259221,0,0,0.45010370686695106
2121403889#3580871898,0,0,0.3590781471415033
4717447491#4717447481,0,0,0.19737535016749216
4205995308#3454385494,1,1,0.7974259373697987
4675051825#2058670200,0,0,0.24721092909585063
3897875146#4763332016,0,0,0.257892426138481
1386618246#336084797451,0,0,0.23123133897710274
2113209826#2061110696,0,1,0.8387557627929397
2007961164#4313472390,0,0,0.23123133897710274
1920508153#4346589693,0,0,0.1874106967368761
3415881960#5153649937,0,0,0.13272080866237332
5027483278#5080010233,1,1,0.7039281343655666
4877557723#2007923073,0,0,0.23046093944794696
1537439376#1743158946,0,1,0.5191834973929376
4752061423#3973290911,0,0,0.4347313926520902
2062281479#3844369814,0,0,0.24315207613568557
580549064505#4195846379,0,0,0.23746167284550512
4780848531#4699492658,0,0,0.23475798690345268
4975601232#4608143553,0,0,0.22211141950471816
4657375255#3914990489,0,0,0.329310683931532
3444192698#4933601180,0,0,0.18361985569695868
4824169309#3881831374,0,0,0.23123133897710274
4590104087#4133854035,0,0,0.2054864518034631
2058849144#102790670060,0,0,0.3413953881640964
4165910360#4623963992,1,1,0.8493979029289938
5185529534#3797481052,0,0,0.23123133897710274
2254264382#4699492658,0,0,0.18767114274117375
2059840221#3414226598,1,0,0.36849196374643245
1485299018#4589673799,0,0,0.12017483601829877
5140039711#2050811813,0,0,0.23123133897710274
3798427322#4282239841,0,0,0.2871605712084862
4185911295#1823372268,0,0,0.24770201342998444
4670902580#422592070627,0,0,0.2875918557593658
1312951134#42626234945,0,0,0.17483228417245453
4450876341#3055420907,0,0,0.23123133897710274
4332290907#3072545115,0,0,0.28684832984539643
3322922498#3417328243,0,0,0.23123133897710274
3945392968#4628657238,0,0,0.16600686202075174
1806456429#332289128117,0,0,0.23123133897710274
2720191918#3033451903,0,0,0.4095466781962844
6626538016#15721336763,0,0,0.21768086982580265
4483699071#18466375636,0,0,0.22712945649965174
336084797451#4763332016,0,0,0.416004251297206
4862162402#5174571094,0,1,0.8394309179453068
4754817670#5080010233,0,1,0.53863532065323
292830032329#3276122697,0,0,0.18231055152991513
44044455454#1423111094,0,0,0.23123133897710274
3709052310#3782209919,0,0,0.4238981696763625
2045415682#4006257599,0,0,0.23123133897710274
4466060368#58971109124,0,0,0.19101943276228414
4274157585#1838157378,0,0,0.36295432159319546
5214349442#4692874281,0,1,0.5225969266616488
3046306290#4749417182,0,0,0.202541890780481
30229648606#29004068614,0,0,0.20892547166019315
4509579066#2168049313,0,0,0.23123133897710274
3927195586#1386769919,0,0,0.10828842216032997
3707436708#3709052310,0,0,0.19513454638187333
4443083796#4099060832,0,1,0.7111651166519969
4934245250#2078231832,0,0,0.309256461890176
4348498011#1932527171,0,0,0.23123133897710274
5093302594#4826662409,0,1,0.8493865671024157
5068111044#3747074740,0,0,0.406739372987601
3454385494#4882622259,0,1,0.6925192765013526
5214033793#4934245250,0,0,0.16693396935547897
4206401183#3468099011,0,0,0.23123133897710274
3831306920#65121698593,0,1,0.7352492138092472
4683128695#4219305678,0,1,0.8743896244700005
1565918483#2977432095,0,0,0.19094897868041696
4157401170#4589595603,0,0,0.4845030912174585
1548025566#3986635625,0,1,0.533590293353216
3986635625#2059840221,0,0,0.18689916792322658
85384061690#4289285913,0,0,0.2993758521873422
444631792208#1639157122,0,0,0.1094531424802805
4520440216#4572590009,0,0,0.23107158193403265
53433220404#4855192008,0,0,0.20744073544025135
2078830490#4302208677,0,0,0.3355340597295283
218691706787#113560958124,0,0,0.1760901251098178
4839116665#59051760061,0,0,0.27906631173122076
2058968766#439640898475,0,0,0.23123133897710274
1848079063#1775476124,0,0,0.14274819953010748
4726348614#4576382317,1,1,0.5822153901854127
4416674399#3491525687,0,0,0.3008954074640651
4264534612#4282239841,0,0,0.23123133897710274
35840895191#3829368932,0,0,0.23123133897710274
3400949384#2056050973,0,0,0.28625103603471114
4911932997#1319732582,0,0,0.334576306575119
3727406860#3567360966,1,1,0.5986543310982455
4257137636#3829368932,0,0,0.23123133897710274
138962886124#3913703465,0,0,0.26926805008773563
4993637002#2072223571,0,0,0.23123133897710274
65121698593#4944977785,0,1,0.527040428609145
4264656619#2059020105,0,0,0.21885750510964797
132075514370#136929841403,1,1,0.7239876559581119
4466176551#2058881485,0,0,0.2161470280905643
4628982425#3046735232,0,0,0.18022321551300555
2058670200#4573019780,0,0,0.45626107918247616
4659095325#1774799298,0,0,0.298253279252305
30229648606#1382158663,0,1,0.5465831911341447
4142253323#3920892696,0,0,0.2709986967987526
1485299312#1748267407,0,0,0.10112364051858759
4206160273#60746273843,0,0,0.15543179146057387
3997184387#5068111044,0,1,0.6974119843225388
4754817670#54163692074,0,0,0.3248917802837201
3239345949#585216739399,0,0,0.4624145379198436
2058703491#4526600536,1,0,0.29071208526073483
302661384233#422593661853,1,0,0.4602774713017986
2944165247#42626234945,0,0,0.22955880115967228
3995939780#4848820948,0,0,0.33710484471070135
4144101559#1384521138,0,1,0.6562711625798625
325294719982#4944592558,0,0,0.27769533999609214
4041026262#4808412950,0,0,0.22652077652823752
4944977785#3043492443,0,0,0.12141087054276231
2053553978#3514514633,0,1,0.597712292758019
4446783969#4020838298,0,0,0.3153199895795915
2061309589#5185554343,0,0,0.21527711913199932
3271713292#1485299018,0,0,0.06155538072468053
1909948077#4975601232,0,0,0.15484719333170965
1407873390#20248125819,0,0,0.37580600648103124
4157401170#8431809688,0,0,0.27782328246671895
6626538016#18465768764,0,0,0.2641366125314603
5122767609#4959796164,1,1,0.8193647812095377
2059772017#1365425184,0,0,0.33244559257056505
2116384872#86403779490,0,0,0.26313092701397606
4919686468#178471540370,0,0,0.39348795656728264
5214033793#4926497821,0,1,0.5864093348720025
3750321162#4058724297,0,0,0.23081407846476454
4416674399#1402158617,0,0,0.3189965079998383
3842666513#2078231832,0,0,0.23123133897710274
2065123842#2602864486,1,1,0.7483086818659282
30229648606#4913743600,0,0,0.13677226547515298
2069309301#4220489232,0,0,0.224309528809998
1382158663#5045583576,0,0,0.24701919875199285
5027483278#5166721362,0,0,0.23123133897710274
3842666513#2059772017,0,0,0.2907562252159665
5025769096#4970014021,0,0,0.2255821533524171
5165641659#4926497821,0,0,0.4499520313002392
4135061499#4490928418,0,0,0.23123133897710274
4780848531#4683128693,0,0,0.23123133897710274
4417954604#4282239841,0,0,0.23426298736387732
1768955738#2069807272,0,0,0.24143836948337336
1818219339#4628657238,0,0,0.24533200507203615
2631411093#3508697475,0,0,0.23123133897710274
3860598463#1783918544,0,0,0.21272468910156112
2168053392#2168053327,0,0,0.2985636596235044
29004068614#1321409006,0,0,0.23123133897710274
1802608944#4455910772,0,0,0.3982057748613719
5214033793#29004068614,0,0,0.21554676043447174
54353744279#2119475368,0,1,0.6899452541947229
388960992073#3077676449,0,0,0.23123133897710274
4623229091#4567238149,0,0,0.20744073544025135
3913703465#5012377514,0,0,0.23683762915121553
4439261965#1802608944,0,0,0.3966374710328401
485901844230#1848034697,0,0,0.3558589744481639
4402571427#113940354812,0,0,0.16958881693724084
4297587275#4038779740,0,0,0.27983508137560703
4587249322#3339753670,0,0,0.23123133897710274
200793780504#15721336763,0,0,0.4236257768707421
1401982553#2007923073,0,0,0.1765082892283732
23700156902#312476159692,0,0,0.26150453408334134
4628982425#23700156902,0,0,0.24441739971099957
4749417182#4520440216,0,0,0.13480472089451415
3797577168#2058434584,0,0,0.21262318979253086
5210111592#3914990489,0,0,0.08666280323559407
3395210543#4289285913,0,0,0.2712413003630127
2123105045#2136848057,0,0,0.23123133897710274
2071962865#2058207302,0,0,0.20744073544025135
4826662409#54163692074,0,1,0.7497324212279287
4923640936#4897934962,0,0,0.24819314052115324
4589673799#1485299013,0,0,0.1448555772406329
2027930795#4040861140,0,0,0.2587757493528728
4692710195#54158072521,0,0,0.2413685256518972
4429293356#4466060368,1,1,0.6898289574212316
3276122697#4010670765,0,0,0.19037080375654675
4717447481#4572223100,0,1,0.5449908284887426
25271558033#3911660194,0,0,0.43683137818410256
2070081045#1768784044,0,0,0.36616204093515986
4466176551#4091678032,0,0,0.34662696426098355
1633175276#3468099011,0,0,0.39628931229067654
4911932997#4730592514,0,0,0.23123133897710274
4075881990#2071777451,0,0,0.1448660978629766
4612325788#4780848531,0,0,0.23123133897710274
3046306290#1502392118,1,1,0.863083468328832
5025769096#4391848279,0,0,0.2255821533524171
2121403889#18465768764,0,0,0.35215012982087474
4162025424#4623229091,0,0,0.20744073544025135
3849754958#54501067062,0,0,0.25228107044150794
3862296444#3913210887,0,1,0.8192059400390206
138649305625#4020838298,0,0,0.20844754992339362
96464483573#1319732582,0,0,0.2468231307685306
24789176545#33187929079,1,0,0.3960827475988776
3842666513#1479238988,0,0,0.23123133897710274
4142253323#4283743489,0,0,0.3993913749180965
3935465939#4091678032,0,1,0.5770203266372659
49231316394#48861374884,1,0,0.15993895717056494
436506547782#1303430936,0,0,0.23123133897710274
1416247746#5165641659,0,0,0.252649413396613
4313472390#4346006247,0,0,0.23123133897710274
2069959956#30229648606,0,0,0.23123133897710274
4514169068#4475471841,0,0,0.23123133897710274
1752843168#2056226500,0,0,0.23704975495251734
1365425184#3945405605,0,1,0.7064217218538753
4132736065#4824169309,0,0,0.2626093641442175
3120630195#4933601180,0,0,0.2555619652811205
107766860234#2056662276,0,0,0.474345768927263
1623108666#4622896603,0,0,0.23123133897710274
4443083796#4128826467,0,1,0.7111651166519969
4198143611#3897707450,0,1,0.6680028139457933
135716731104#3645501595,0,0,0.23123133897710274
2146884621#4576382317,0,0,0.24143836948337336
3550420996#4272798975,0,0,0.23123133897710274
5021492854#1369866993,0,0,0.22393835832477652
2060056771#2059019411,0,0,0.20292767888029856
2055885530#2059581715,0,1,0.8571574033585413
1815726281#3722283336,1,1,0.9137430084922262
1497894212#4111669223,0,0,0.1429643772635759
4464225618#3467678421,0,0,0.23123133897710274
136929841403#5214033793,0,0,0.23123133897710274
4257137636#3120630195,0,0,0.23123133897710274
1453322140#336084797451,0,0,0.23123133897710274
4826662409#4538489291,0,0,0.2836492402103135
422592070627#4696140824,0,0,0.1886999535251052
3913703465#31577621677,0,0,0.23123133897710274
1639155385#2114341514,0,0,0.4939727944874936
535595175332#94446712413,0,0,0.23123133897710274
4793454229#4570599868,0,0,0.23123133897710274
2074381365#2065240489,0,1,0.5586386173762072
4464241165#1784010637,0,0,0.3778449889333916
2078830490#4020838298,0,0,0.3759964455729527
2007961164#1838157378,0,0,0.18066197780455676
2072223571#4935513479,0,0,0.23123133897710274
4473639064#4589595603,1,1,0.7011766595474256
3043492443#3913703465,0,0,0.20744073544025135
18465850062#191333072438,0,0,0.34527532367611724
3897875146#4772914163,0,0,0.2243933775133646
4717447481#4570599868,0,0,0.23123133897710274
5075179730#4348498011,1,1,0.8218341403810404
1479238988#14613512425,0,0,0.224771472477798
3991387948#4904537845,0,0,0.23123133897710274
427593909142#1775476124,0,0,0.1176178215410742
2064248002#2067590020,0,0,0.2899645379372386
4099060832#86403779490,0,1,0.5314991888683364
3458373106#3514514633,1,1,0.5381842620175357
4576382317#4951787412,0,0,0.24728323364101817
14613512425#1811606367,0,0,0.29019484579595967
90088944269#4607726453,0,0,0.4343488369832559
509348036756#3114734058,0,0,0.23036867945275621
4683128695#4683128574,0,0,0.2512360560485825
20248125819#4696140824,0,0,0.23123133897710274
4572590009#4157396930,0,1,0.572336896647994
1537439376#1848079063,0,0,0.2562866108152608
2168053327#4645177299,0,0,0.2764728260199954
3621961786#1588330803,0,0,0.38608569070670606
3913703465#1485299013,0,0,0.15859121154281472
5140039711#3060159815,0,0,0.24976210817783337
2111494388#2059581715,0,0,0.34197248321936446
4649420935#34523829000,0,0,0.22062317114782273
3435281641#1621413330,0,0,0.3660707934263463
4464225618#4623229091,0,0,0.23123133897710274
4572590009#2061110696,0,0,0.24143836948337336
5182358949#1811606367,0,1,0.6986796180430175
3954693062#2625038642,0,0,0.47840553019064413
1784010637#2078630441,0,0,0.23123133897710274
4420214504#4219305678,0,0,0.3424319693876592
3351547434#1811606367,0,0,0.43827369855270676
1485299013#2061309589,0,0,0.21816638017830603
4450876341#4530016607,0,0,0.23123133897710274
2055375491#302661384233,0,0,0.2709986967987526
3937803478#4658859864,0,0,0.2377984072778555
1645442429#395685899087,0,0,0.13020098342913153
3414226598#296646328589,0,0,0.21188290724385506
4473639064#4157401170,0,0,0.32647056677364805
1974801707#5168776505,0,1,0.5731565412012835
3564523840#189641559770,0,0,0.20296687507442265
1788281024#1782375467,0,1,0.7270541082196917
2121552363#3271713292,0,0,0.3384592136802743
4749417182#1672066227,0,0,0.25596974492509966
4020838298#4040037171,0,0,0.23123133897710274
2119447541#1773082332,0,0,0.2709986967987526
1321409006#4808142872,0,0,0.1441319306649621
5123172296#39450581767,0,0,0.23123133897710274
4422812389#3046447513,0,1,0.5214297448629002
54501067062#3831306913,0,0,0.2202846974828028
1920508153#3913210887,0,0,0.20440342969432554
3798427322#82326381534,0,0,0.44180131304423004
3945392968#407278558983,0,0,0.21508594189093874
4478450396#4439261965,0,0,0.38551492906564244
15721336763#4195846379,0,0,0.46643633667940976
1621413330#3046734634,0,0,0.23123133897710274
4198143611#4657420264,0,0,0.234034868321001
3807056657#1806456429,0,0,0.3687680259986302
1744093020#5139738145,0,0,0.19674782646586045
4897934962#4741125055,0,0,0.2709986967987526
4420214504#3267793397,0,0,0.45490682367768653
3205210115#3897707450,0,0,0.2651539743112922
4591568435#59657910044,0,0,0.26261893053944996
4509579066#1768784044,0,0,0.24290442729044384
4848820948#4433126615,0,0,0.3969682885909243
4439261964#4455910772,0,0,0.3925074167558878
1485299013#1485299312,0,0,0.2243449798515877
77921648746#4657296734,1,1,0.7452317470051103
4817865335#3990733484,0,0,0.23536183030307603
238810853483#4522343644,0,0,0.33366360105103826
4010670765#4298712891,0,0,0.4772425189135416
33827094730#77921648746,0,0,0.3065109023778336
4041017449#4839116665,0,0,0.2593977484192443
3945392968#4851639047,0,0,0.3713715117704857
156116022807#5062878913,0,0,0.3953604183550938
4589673799#4243154090,0,0,0.4019004058708592
1485299312#2059581715,0,0,0.47795842156398005
3794197830#2075416377,0,0,0.1683642034275686
158255665663#2064049724,0,0,0.08499445188642774
96464483573#4345891873,0,0,0.234034868321001
1765964136#2056136170,0,0,0.1573146966470056
58971109124#5059287828,0,0,0.09792508850388731
5075179730#1806456429,0,0,0.3386383312381513
3435291193#4038779740,0,0,0.23123133897710274
4728019061#24789176545,0,0,0.20744073544025135
4501428482#3400949384,0,0,0.234034868321001
2134805159#2944165247,1,1,0.6408955719992224
2399396768#2115186615,0,0,0.30574632692601383
1441677912#1666737679,0,0,0.18198698351680537
4673696842#4934926045,0,0,0.22432787225070708
3082192822#1813034413,0,0,0.1735712049255197
5067110667#4939070111,1,1,0.7267816689158961
179195001984#4345891873,0,0,0.24143836948337336
82326381534#4619843239,0,0,0.23123133897710274
3973290911#3801970394,0,0,0.20744073544025135
4415408192#4198143611,0,0,0.3834734571512156
3339264625#3267338671,0,0,0.28576894741032327
4659095325#3564523840,0,0,0.40756451306402325
3502505322#4882622259,1,1,0.7833438505596859
2011135203#5068111044,0,0,0.42045652904526637
4590104087#4590516019,0,0,0.2093180284093527
3831306913#4466176551,0,0,0.1584847979528836
1752843168#1633175276,1,1,0.603067922597162
436506547782#3826134250,0,0,0.19445177395417096
3945392968#1303430936,0,0,0.23123133897710274
4205500523#4111406344,0,0,0.23641321222601036
1701420365#3351547434,0,0,0.28448920240829195
2065240489#4464225618,0,0,0.3722129877332193
407921450268#1497894212,0,0,0.17952261462325173
3798427322#4683128792,0,0,0.20913776799557715
3245047192#3753647572,0,0,0.33690457333954527
312476159692#296646328589,0,0,0.25829567828094563
2053116658#1549865107,0,0,0.20679270024329682
3966652517#3567360966,0,0,0.23123133897710274
4839116665#2114341514,0,1,0.5544378980181323
3636255407#4851639047,1,1,0.9035907764791455
4971996310#3551736332,1,1,0.5309170433286983
4909154245#3458373106,0,0,0.3127190477451007
4522343644#2055658829,0,0,0.28212143721511845
4161800645#38189434441,0,0,0.2444932645612007
2065123842#4133854035,0,0,0.3029382677904977
156117170736#156275023490,0,0,0.1407021621410652
4524049970#2113209826,0,0,0.3314555759017387
439640898475#59051760061,1,1,0.5124679673774791
4659095325#2134805159,0,0,0.23123133897710274
323421711132#343207691350,1,1,0.7463652189655113
4590104087#4070350685,0,0,0.16715926416896965
3707436708#3414226598,0,0,0.23123133897710274
135716731104#4851625903,0,0,0.4037733699421088
2007923073#3444192698,0,0,0.18796197694116526
3299466058#4692710195,1,1,0.7618744384040457
140581144985#3415881960,0,0,0.27297302110815247
4675067693#4926497821,0,0,0.2683540866068088
3458091636#2602864486,0,0,0.1448660978629766
444631792208#3849754958,0,0,0.23123133897710274
2078630441#4913756270,0,0,0.23123133897710274
2446874502#3514514633,0,0,0.1149588879950556
8431809688#3645501595,0,0,0.23123133897710274
4489623613#2053826326,0,0,0.23123133897710274
2064229512#156117170736,0,0,0.20400552922893506
1485299018#132075514370,0,0,0.16875842697124094
1848034697#1639423540,0,0,0.1649486913590346
3618222408#4913756270,0,0,0.23123133897710274
4219781519#38189434441,0,0,0.20537866089388285
1634366430#2058968766,0,0,0.18761472301086166
336084797451#4797037452,0,0,0.22040361907804334
1639330963#1639256138,0,1,0.5299971543356612
136929841403#2037039871,0,0,0.23123133897710274
3618222408#1321409006,0,0,0.21214583004413598
2065240489#3339264625,0,0,0.28250482453309606
94446712413#4167169697,0,0,0.23123133897710274
5098221599#1639256138,0,0,0.1807035362020296
1537713149#4524049970,0,0,0.11139397814980889
3050036635#3045195282,1,1,0.5904194065669547
1549865107#1765964136,0,0,0.4895539175801133
4944977785#31577621677,0,1,0.527040428609145
4095826594#4742632507,0,0,0.23123133897710274
1946459818#4402571427,0,0,0.20744073544025135
189641559770#1487676783,0,0,0.23426298736387732
4506715468#4167169697,0,0,0.2549310312067194
3500947737#4205500523,0,0,0.24330248155693632
1502392118#4607726453,0,0,0.20744073544025135
30229648606#4058724297,0,0,0.44164641317108966
4446783969#5182358949,0,0,0.3153199895795915
3831306913#65121698593,1,1,0.8232188060851958
4527413574#18465768764,0,0,0.3132182529807961
4422812389#1848034697,0,0,0.40947189876785944
2069309301#4075881990,0,0,0.22482280703683336
4877557723#4361945080,0,0,0.4635868529402683
4198143611#1949694216,0,0,0.234034868321001
1848110456#138963054727,0,0,0.22040361907804334
2446874502#2057667662,0,0,0.08780313933766633
1875570795#1875570554,0,1,0.7278649902754719
1752843168#33827094730,0,0,0.28064293917810385
3881849655#4675092479,0,0,0.28305315063508907
2092142602#4970198147,0,0,0.23123133897710274
4522343644#5068270943,0,0,0.130215821195543
4450588934#37372627174,0,0,0.20163139087786672
2065240489#113560958124,0,0,0.21865861369673606
3709911667#3797481052,0,1,0.6480604792229011
2045415682#4219781519,1,0,0.3748468840066646
54501067062#4522343644,0,0,0.28603494613338726
437850700068#4126391754,0,0,0.18958003804611104
1801949283#1407873390,0,0,0.12479139451680642
5122767609#4951787412,0,1,0.6985874372848768
4728019061#2056848620,0,0,0.23268491786918064
4167169697#4402571427,0,0,0.1102504730193827
4951787412#3966652517,0,0,0.23123133897710274
37132781634#38189434441,0,1,0.9494328901136563
3239343165#4111406344,0,0,0.23123133897710274
585216739399#3435291193,0,0,0.23123133897710274
2121552363#3339753670,0,0,0.2550516139066037
1775476124#5006701140,0,0,0.23123133897710274
4959796164#3835278364,0,0,0.33904751499785396
54501067062#4435542241,0,0,0.219940016540102
4264534612#3920892696,0,0,0.35531325891006044
4219781519#336556403061,0,1,0.5166608520314587
4623229091#4919686468,1,1,0.5201610935959707
4260655307#102790670060,0,0,0.26910255744619355
4466176551#2359147867,0,0,0.23123133897710274
1927135903#1384521138,0,1,0.7062840548079351
4808142872#4570599868,0,0,0.3322613935980317
4935513479#2115186615,0,0,0.2666056887227807
4040861140#4298712891,0,0,0.23123133897710274
2074538866#3791242869,1,1,0.5723177352707541
1671507912#3045195282,0,0,0.2925046409998133
2065240489#54163692074,0,0,0.23123133897710274
4737351580#5067110667,0,0,0.3265628721493188
90088944269#3914990489,0,0,0.23735856863589483
3911660194#2254264382,0,1,0.5317119526211664
4435453955#38189434441,0,0,0.2538623172010535
4623176202#4619843239,1,0,0.3048620278090968
1927135903#91821746394,0,0,0.2630506795294531
3897875146#5214033793,0,0,0.23123133897710274
4720454712#1639423540,0,0,0.23123133897710274
123498955821#56587760546,1,1,0.7141553879773035
71134452360#4959796164,0,1,0.6477655749999295
4913620658#4282080167,1,1,0.5263717977869522
4346006247#156116022807,1,0,0.4262624122927362
2069959956#2066608628,0,0,0.23123133897710274
2065240489#2255999084,0,0,0.2745618326940838
4161766533#5214349442,0,0,0.23123133897710274
4206160273#3046306290,0,0,0.25200739388271776
4464262179#2055375491,0,0,0.23123133897710274
1485299013#4595119059,0,0,0.13957194143761412
3511353262#3990733484,0,0,0.22194984371737791
1374712246#4448881535,0,0,0.23247303896878554
4975601232#4958009936,0,0,0.3504396228729945
3212722992#3860598463,1,0,0.22104496329382134
2075416377#1848110456,0,0,0.22040361907804334
4435502516#4673696842,1,1,0.9355061627453719
1848079063#96344432148,0,0,0.2562866108152608
4446783969#4161766533,0,0,0.23123133897710274
6626538016#5210078086,1,1,0.6079171959435996
4913743600#4657375255,1,0,0.4931791634803382
5051911276#4612325788,0,0,0.07859433376244858
4222830447#4675067693,1,1,0.6551756125916839
4670902580#2055553125,0,0,0.18575603334545074
1666737679#238810853483,0,0,0.1628195376035633
2112093012#4697095949,0,0,0.22652034421367537
4851625903#4877557723,1,0,0.4095510574108018
1802211277#3995939780,0,0,0.3090726380428779
2055553125#4167169697,0,0,0.19747028333368127
3784845932#1666737679,0,0,0.21011086308211482
4696335646#5005539531,0,0,0.21837342352962058
5062878913#2059194324,0,0,0.4102600775948418
5027483278#4754817670,0,1,0.6745697139849016
3514683078#4717447491,0,0,0.24773758360894627
3046306290#2060227695,0,0,0.2097946119544249
2062905665#1838157378,0,0,0.2224280043309971
1802113995#60502455786,0,0,0.24565244319207769
1639373514#395685899087,0,0,0.27013179308739427
4670277179#2063877224,0,0,0.3022207820841925
8431816618#8431809688,0,1,0.7022413159930759
4730881018#619944752073,0,0,0.3918753143231587
585216739399#37372627174,0,0,0.23426298736387732
4197957154#1410206420,0,0,0.28832701873647293
4934926045#3747074740,0,0,0.18767114274117375
2058434584#14920393984,0,0,0.1759216291959115
138963054727#2062901374,1,1,0.7792959032266724
3990733484#35050759831,0,1,0.7371501558292489
5051911276#4676945807,0,0,0.1654978904343095
2065681248#58971109124,0,0,0.4648088169979373
1813034413#4219305678,0,0,0.18665371570715272
4934926045#3467678421,0,0,0.15003395260901653
4219305678#3798427322,0,0,0.42266550655959656
4578818238#3052336116,0,0,0.20292767888029856
1639423540#4538489291,0,0,0.3264129559343647
156275023490#1789407336,0,0,0.2967489444192699
1401982553#8431809688,0,0,0.27294459320172065
2065166575#388960992073,0,0,0.13919011432166745
3249351499#1690392435,0,0,0.28796479639586414
4490928418#2051705675,0,0,0.2939460389727358
4157495788#4157401170,0,1,0.715690104855169
4696335646#4882622259,0,0,0.20744073544025135
3884030694#4570599868,0,0,0.23123133897710274
1737790248#3831306913,0,0,0.23123133897710274
4626053521#5061207560,0,0,0.3807537849130037
2007939398#1815726281,0,0,0.23123133897710274
1657111787#4991881534,0,0,0.4883502094354057
2075416377#3727406860,0,0,0.23123133897710274
4655336845#3990733484,0,0,0.4506049580249331
4524027950#4464225618,0,0,0.2823164967502785
4161800645#4206401183,1,1,0.5149903722070153
1657111787#1472057121,0,0,0.29486941567755676
4572223100#4295043985,0,1,0.6069646816380951
3046734634#3862296444,0,0,0.18337254247609674
436506547782#2061309589,0,1,0.5164818960110293
2081310427#4038779740,0,0,0.1714929783623798
2062066566#2059194324,0,0,0.41512703649936195
4780848531#4855074111,1,1,0.6651327382067905
4415408192#4075760647,0,0,0.28361437613923485
2055375491#4645177299,0,1,0.5318593196992896
2069959956#4514169068,1,1,0.7155424275517274
4991881551#14613484963,0,0,0.35562251281270596
2075117106#3897875146,0,0,0.25052297132186946
2063850988#4720390052,0,0,0.23123133897710274
4824169309#156116022807,0,0,0.25675182674828106
4717447481#4295043985,0,0,0.44649973800215287
4020838298#1752843168,0,0,0.32871488787910064
4477152635#422592070627,0,0,0.31189554786844054
4732077222#4717447491,0,0,0.43415429635009484
4198143611#4934245250,0,0,0.28796479639586414
3770309546#24789176545,0,0,0.18767114274117375
1472057121#3986635625,0,0,0.15147893586376718
4509579066#4655210982,1,0,0.4728272007305528
4909154245#1487676783,1,1,0.5776964770235624
1823372268#156275023490,1,1,0.862946624641256
4116721553#3801970394,0,0,0.2157721557142407
1650171814#1950837411,0,0,0.37660644783349684
3459782364#5196755485,0,0,0.28577139804798857
485901844230#96344432148,0,0,0.23123133897710274
5006683632#178471540370,0,0,0.19669519978092365
1861556379#1789407336,0,0,0.1703430649228653
3558421110#4099060832,0,1,0.6141086850764361
4913620658#2056050973,0,0,0.23123133897710274
1303430936#3797481052,0,0,0.23123133897710274
1806390048#4435546738,0,0,0.33280419935956873
37132781634#174309766992,0,1,0.8051702000706125
4257137636#2037039871,0,0,0.23123133897710274
4590516019#1639155385,0,1,0.8080415771267738
2058670200#30229648606,0,1,0.6064338052249264
5174571094#4205995308,0,0,0.21272917916822282
5122767275#174309766992,1,1,0.5861573488886908
4475471841#580549064505,0,0,0.3187809504305758
3249351499#4360817571,0,0,0.2688753889511436
4851625903#580549064505,0,0,0.20744073544025135
3884030694#5012378353,0,0,0.23123133897710274
3652204966#24789176545,0,0,0.18396260506457168
201180045587#33187929079,0,0,0.22840800242141177
5103624144#4911932997,0,0,0.2856749825967892
5196755485#37372627174,0,0,0.19233954732264555
3781728770#144789463525,0,0,0.22040361907804334
2071777451#4095826594,0,0,0.23123133897710274
3502505322#4657420264,0,0,0.36164042238560146
3881849655#3635899848,0,0,0.30029737045564964
2055878959#2066608628,0,0,0.25318233945034513
4420214504#2056050973,0,0,0.45761246625964214
3059594160#5062878913,0,0,0.23123133897710274
2111999386#49231316394,0,0,0.24946049167688888
4628657238#407921450268,0,0,0.23418830656885986
2057667662#2111616240,0,0,0.10999131644794245
3050036635#4862162402,0,0,0.26288035489872047
4953440832#3621961786,0,0,0.15330856751105232
2027930795#2065643741,1,0,0.27315939202105527
4670277179#178471540370,0,0,0.15402460789603514
4529952057#4659095325,1,1,0.7129489877488566
3459782364#4282080167,0,0,0.18500358296782635
3551045844#2123088534,0,0,0.22284429824781293
1765964136#3618222408,0,0,0.10875784723266822
3973290911#4732077222,0,1,0.58648618542027
4020783867#191669250041,0,0,0.41202307106181973
26795163325#4877425733,1,1,0.7095077282148646
3860598463#3967289494,0,0,0.270487951083005
1711768137#201180045587,0,0,0.2653899992337481
30229648606#201557135125,0,0,0.31153302126297533
3084169617#3826134250,1,0,0.3971798356613876
4040861140#2054953236,0,0,0.3705962500596719
3067096711#3636255407,0,0,0.23426298736387732
4435546738#8484260087,0,0,0.43489584975418355
3652204966#71134452360,0,0,0.18364990636356116
3842666513#2061110696,0,0,0.23123133897710274
5027483278#4804861605,0,0,0.2416419752497631
3276122697#80056558706,0,0,0.45177888665876575
2128587019#2059840221,0,0,0.24612294762350723
1431841097#5051033030,0,0,0.16821750384165865
4730881018#4383857081,1,1,0.6365046249743961
4645177299#2067590020,0,0,0.23123133897710274
4752061423#4295043985,0,1,0.6035732155084783
3046734634#1407873390,1,1,0.7750355983727414
5111591626#1623108666,0,0,0.30478786266975216
4904537845#1321408657,0,0,0.20744073544025135
3884030694#1633175276,0,0,0.3153199895795915
3931035425#4855531635,0,0,0.46559538129756967
3862296444#4877425733,0,0,0.2535044963335427
4391848279#4219305678,0,0,0.17616658348213465
8484260087#3458091636,0,0,0.12894765387717652
2069518104#4095826594,0,0,0.36087850048522163
2027930795#3525476136,0,0,0.2160050734460493
1909948077#2055658829,0,0,0.20632382143840156
3564523840#80056558706,0,1,0.7216353880957131
2123105045#4040861140,0,0,0.3068658340647981
3447177264#1909948077,0,1,0.6142734307810387
4993637002#77921648746,0,0,0.31080064802331875
1946459818#1815726281,0,0,0.22306353115746902
2112308266#1479238988,0,0,0.21906148502928452
4041017449#1848034697,1,1,0.5694852920324867
2067590020#1785437365,0,0,0.23123133897710274
4520440216#2070081045,0,0,0.31240855051409844
2092142602#3120630195,0,0,0.24495065517478834
2625038642#4529952057,0,1,0.6599667793506228
2146884621#3954693062,0,0,0.21011086308211482
1639373514#1701262215,0,0,0.3888159320439952
2056050973#3636255407,0,1,0.7468998506998903
1497894212#4536425461,0,0,0.36427624244529594
35840895191#1909948077,0,0,0.23312784803681946
1500005536#138691630850,0,0,0.2634447959272076
4127765656#4010670765,1,1,0.8528199016913609
4737466020#1835573063,0,0,0.23123133897710274
4282239841#3875487514,0,0,0.23123133897710274
1789407336#1319732582,0,0,0.3382743070243203
276403558061#235475987798,0,0,0.321897497581785
1774643505#4557843865,0,0,0.3026594050163898
138963054727#1909948077,0,0,0.37501791353278785
3794197830#4862162402,0,1,0.6698934703927929
4127765656#2977432095,0,0,0.2007022110549782
5140039711#2057787086,0,0,0.21679536429392793
4070350685#407642705986,0,0,0.23400988343153994
2056662276#65121698593,0,0,0.4459749102503443
325294719982#4975601232,0,0,0.30489193062571884
4198143611#3249351499,1,1,0.5285524183693147
4717447481#4590104087,0,0,0.14748607369594205
20177117584#3713044717,0,0,0.23123133897710274
2075416377#178251297462,0,0,0.23123133897710274
156275023490#200793780504,0,0,0.09165167045278806
4720442113#3727406860,0,0,0.30029737045564964
3276122697#3990733484,0,1,0.6328608626258659
3713044717#3760470313,0,0,0.3968776628560981
3633644000#2007923073,0,0,0.13898284522007362
1537439376#4241504041,0,1,0.507705327664599
1319732582#4243154090,0,0,0.28305315063508907
2119447541#5080010233,0,0,0.24609200192156744
2007961164#1783918544,1,1,0.5549725007111451
199104051031#1950837411,0,0,0.23123133897710274
2134510956#1548025566,0,1,0.8282275530115576
3831306916#3831306913,0,1,0.9130500860142934
2168053327#4157401170,0,0,0.21640744327231776
2075117106#283482842835,0,0,0.23123133897710274
4587249322#4913743600,0,0,0.17757384501765683
3831306920#3835278364,0,1,0.9525937381829899
1727840041#4953440832,0,0,0.32047909974562144
336084797451#2254264382,0,0,0.4701439512312565
97378088946#4578818238,0,1,0.662113557503707
1657111787#2045215940,0,0,0.2981374761257067
2116384872#4763332016,0,0,0.23123133897710274
54501067062#4935501979,0,0,0.2544819835580082
4628657238#4567238149,1,0,0.20552164749739252
4162025424#2065166575,0,0,0.2349141752600547
4205995308#3927344890,0,0,0.21904511083452458
2075117106#134867489837,0,0,0.23123133897710274
276403558061#1500005536,0,0,0.2631088075059759
3794197830#2254264382,0,1,0.6155732666315709
3707436708#2059840221,0,0,0.23123133897710274
2064651676#2078830490,0,0,0.3434144607102994
4935501979#3849754958,0,0,0.3315160007403511
4135061499#5122767275,0,0,0.22831760197040477
3267338671#3550420996,0,0,0.2885433439730129
4260655307#4297587275,0,0,0.2248883560702773
2059020105#2199558280,0,0,0.18824833035697072
2061110696#4295043985,0,0,0.23982810436392524
44044455454#5068111044,0,0,0.21188290724385506
1319732582#2063877224,0,1,0.6204339385959695
4623963992#3829368932,0,0,0.21852596563820798
38189434441#3435291193,0,0,0.23123133897710274
3077676449#1802113995,1,0,0.24587343068401327
2069194582#2069518104,1,1,0.5562869341584948
3709052310#1932527171,0,0,0.1781067717215188
4165910360#3991387948,0,0,0.14780769366340832
1918807484#2061948762,0,0,0.4129532882002624
4589673799#4595119059,0,0,0.4988552952167587
3500947737#1848110456,0,0,0.2535044963335427
4478450396#4264643150,0,0,0.38551492906564244
3538444870#1844986349,0,0,0.4172358148211785
1657111787#18466375636,0,0,0.21974975622277107
144789463525#4913743600,0,0,0.2878605389132138
4590516019#82326381534,0,0,0.13714495331709303
1920508153#1743158946,0,0,0.42105061304537866
5140039711#1312951134,0,0,0.19245058440072757
4934245250#4591568435,0,0,0.23123133897710274
276403558061#4490928418,0,0,0.23123133897710274
3621961786#4658859864,0,0,0.23426298736387732
3511353262#3417328243,0,0,0.28305315063508907
1743158946#441422692319,0,0,0.15908006926975365
2254264382#535595175332,0,0,0.26218718863686313
4257137636#4506715468,0,0,0.2029131153150132
4471449591#4466176551,0,0,0.40442480481110654
3491525687#5006701140,0,0,0.23123133897710274
2058849144#1737790248,0,0,0.23123133897710274
5140039711#292830032329,0,0,0.18051220244558486
4675067693#29004068614,0,0,0.19365619328971864
3911660194#4852065333,0,0,0.2615071490035848
1639155385#2065240489,0,0,0.09116359960383522
4058724297#4466060368,0,0,0.2952856382163866
5051033030#1949694216,0,0,0.32148103627881924
5130795772#18467089718,1,1,0.5592551218925957
4489623613#4477152635,1,0,0.46040861801891525
48861374884#2111497729,0,0,0.190637797407077
4797037452#4793454229,0,0,0.2199870134424265
4455910772#4264643150,0,0,0.43631165467543914
4720442113#2070081045,0,0,0.24495065517478834
42626234945#132075514370,0,0,0.2097946119544249
2078830490#1671094707,0,0,0.20535234647976314
4443083796#1537439376,0,0,0.3764474531750053
2119447541#388960992073,0,0,0.2794587022901955
3798427322#4683128693,0,0,0.2780809041159329
4165910360#3897707450,0,0,0.38911345482819404
2112609950#2071777451,0,0,0.23123133897710274
60502455786#4913756270,0,0,0.27523383975579824
3791242869#1671094707,0,0,0.23123133897710274
4728019061#2123105045,0,0,0.23123133897710274
4282239841#2065643741,0,0,0.23123133897710274
3801970394#1802211277,0,0,0.4323934359661551
1802211277#29004068614,0,0,0.17702591197551773
4040861140#3862442483,0,0,0.2709986967987526
4094338175#3033451903,0,0,0.2535373276291326
3633644000#3525476136,0,0,0.29562937298071446
37132781634#3618769182,0,0,0.23123133897710274
3067096711#4506715468,0,0,0.2131643171965785
4726396976#4464241165,1,0,0.3674812299338543
102790670060#3084169617,0,0,0.23123133897710274
3794197830#4635983959,0,0,0.1321826498929177
4041026262#4797165686,0,0,0.21585170197074194
2058881485#1721812143,1,1,0.7312730468052921
2059020105#4361945080,0,0,0.24150073599911293
2062832759#49475347464,0,0,0.21965196847479873
4359345479#5168776505,0,0,0.2712391586285066
4219305678#4911932997,0,0,0.24407157698433551
4851639047#4726396976,0,0,0.23123133897710274
4529952057#2062870562,0,0,0.3679460158060953
4417954604#4489623613,0,0,0.35089523867535555
4361532031#4993637002,0,0,0.23123133897710274
2113209826#5165641659,0,0,0.4607860682685999
3400949384#4359345479,0,0,0.28305315063508907
1848110456#4726396976,0,0,0.23123133897710274
450099632797#4730592514,0,0,0.4454297517001766
4313472390#1431841097,0,0,0.23123133897710274
1407873390#3114734058,0,0,0.3085059945520571
3033451903#4635983959,0,0,0.2514112476835305
4256271098#5059287828,0,0,0.1678179913393507
2069309301#5174571094,0,0,0.2410399521407312
5005539531#2071962865,0,0,0.2007022110549782
5174571094#4797165686,0,0,0.2154827347543087
361430891904#4696335646,0,0,0.23123133897710274
2199558280#3826134250,0,0,0.17333504960241838
1711768137#2121403889,0,0,0.0628103269886811
4726396976#26795163325,0,0,0.32869538121369185
3060159815#1407873390,0,0,0.21011086308211482
1485299312#1701420365,0,0,0.20972131771825897
4402571427#4272798975,0,0,0.22040361907804334
4466176551#4196598949,1,0,0.25918922749809725
2007923073#441422692319,0,0,0.18796197694116526
292830032329#3991387948,0,0,0.3742682161683697
441422692319#4446783969,0,0,0.23123133897710274
5196755485#2115186615,0,0,0.1897143948092247
14613512425#4522343644,0,0,0.35208036651032126
1549865107#3072545115,0,1,0.8047881103017032
4639814245#3995939780,1,1,0.6172670386372523
2054786962#2044195515,0,0,0.24860258584209724
2055878959#4243154090,0,0,0.3227474900916367
5068270943#35840895191,1,0,0.49907683714055195
4206401183#1726849895,0,0,0.27035753681085667
4302208677#4091678032,0,0,0.2833155572027874
4670277179#54163692074,0,0,0.23123133897710274
4095826594#5051033030,0,0,0.22040361907804334
5093302594#4754817670,0,1,0.7657540103713683
3931035425#38189434441,0,0,0.2562333567899211
8431816618#1401982553,0,0,0.3801744935798296
4590318667#3945392968,1,0,0.41526537801846997
5045583576#4657420264,0,0,0.47119748453781424
2056226500#2062905665,0,0,0.33415646077797606
4075881990#2055878959,0,0,0.23123133897710274
4933601180#2065681248,0,0,0.23123133897710274
2115186615#388960992073,0,0,0.21578188206241775
4655336845#4639874115,0,0,0.2557470030414221
1365425184#2011422795,0,0,0.36549692355510793
509348036756#327540253581,0,0,0.27714033373728714
2255999084#80056558706,0,0,0.09292028847777928
1743158946#2977432095,0,0,0.22582356201780202
191333072438#3567360966,0,0,0.23218989228489825
4159031604#4658859864,0,0,0.1494572101707498
3621961786#3862442483,1,1,0.8365972214883978
4274157585#4298712891,1,1,0.5157694766260273
4628982425#4464267701,0,0,0.22351698694429123
1487676783#4926497821,0,0,0.36748354580490084
138649305625#2625038642,0,0,0.23081407846476454
4772914163#4675067693,0,0,0.23123133897710274
3084169617#1768955738,0,0,0.24143836948337336
3046812325#3322922498,0,0,0.23123133897710274
2554762874#4289285913,0,0,0.23123133897710274
2070119945#3508697475,0,0,0.4299751076037089
1537439376#5154554715,0,0,0.3948327171924143
3511353262#2055878959,0,0,0.29467089051600553
1946459818#1844986349,0,0,0.23123133897710274
1726849895#1927135903,0,0,0.2816344269431431
3883531558#1788281024,0,0,0.205925091278835
4157396930#4808412950,0,0,0.2202942853928817
4483699071#4843658030,0,0,0.48246733162779815
1487676783#3458373106,0,0,0.36748354580490084
3927603556#1479238988,1,1,0.8593222709300191
4161766533#4435546738,0,0,0.4490045702081147
2123105045#4439261965,0,0,0.22040361907804334
4591568435#1974801707,0,0,0.3529946728576952
3636255407#3459782364,0,0,0.22955880115967228
37132781634#5122767275,0,1,0.8287023063314006
5168776505#5214349442,0,1,0.7260694141234133
3945405605#5174571094,0,0,0.1312029918332019
3862442483#5066791120,0,0,0.1246199133819667
85384061690#3829368932,0,0,0.21852596563820798
3846933347#1303430936,0,0,0.23123133897710274
1760201040#3114734058,0,0,0.3762002102003906
189641559770#1558033867,0,0,0.3298467610578751
4763332016#2977432095,0,0,0.33889637631490077
1365425184#3713044717,0,0,0.3500120492771245
2168053327#4572590009,0,0,0.39095881227704105
2111497729#2051705675,0,0,0.3042175058776542
4675051825#2136848057,0,0,0.234034868321001
30229648606#4628600663,0,0,0.13677226547515298
4111406344#3082192822,0,0,0.2086376111855584
5103624144#5168776505,0,1,0.8162658041955395
29004068614#3618222408,0,0,0.29542213043189586
2119475368#3621961786,0,0,0.38315150558448247
3835278364#4944977785,0,0,0.388741965731756
4360817571#1744093020,0,0,0.3662668034659806
2064229512#2074381365,0,0,0.38945984071317613
156117170736#54158072521,1,1,0.7905466075827015
2602864486#3897875146,0,0,0.23123133897710274
3652204966#174309766992,0,0,0.1948887756806751
3831306916#31577621677,1,1,0.7417459895782944
1805797094#4953440832,0,0,0.1905838199266451
4649420935#189641559770,0,0,0.10345186949049598
2058670200#201557135125,0,0,0.3911415471350769
4274157585#2055658829,0,0,0.2471999765978029
3875487514#3709052310,0,1,0.5903570850177042
156275023490#49231316394,0,0,0.18099414246942672
4953440832#3897875146,0,0,0.23123133897710274
1844986349#585216739399,0,0,0.23426298736387732
3797577168#2119447541,0,0,0.4681696685750762
2062901374#2053553978,0,1,0.6635120735942971
141958417592#4442434830,0,0,0.2192496439037825
4570880462#2078231832,1,1,0.5952034692841266
1789407336#3267793397,0,0,0.23123133897710274
4185911295#1369866993,0,0,0.27848727323960754
191401378376#4934245250,0,0,0.33325955383562245
5165641659#4953440832,1,0,0.47369548580193677
3831306913#3835278364,0,1,0.7929082136222508
4855192008#1633175276,0,0,0.2007022110549782
134867489837#179195001984,0,0,0.24143836948337336
4524049970#422592070627,0,0,0.1858622646654161
3967289494#1645442429,1,1,0.7758620900380365
2168049313#4157396930,0,0,0.24018906836615453
4673696842#3114734058,0,0,0.23123133897710274
5067110667#4313472390,0,0,0.23123133897710274
85384061690#3267793397,0,0,0.20212818070549374
4709177500#1497894212,0,0,0.23804663678297544
1802113995#3444192698,0,0,0.20744073544025135
3055420907#4161766533,0,0,0.45320820758418684
3041214478#138649305625,0,0,0.23967899797124242
4506715468#619944752073,0,0,0.13801310738553624
2062281479#3564523840,0,0,0.17104172863727984
18466375636#421393369392,0,0,0.20744073544025135
1309241824#5137789006,0,0,0.21011086308211482
5140039711#4692710195,0,0,0.2709986967987526
5098221599#4650405536,0,0,0.36421729402678626
3072545115#1765964136,0,0,0.26649986468757636
3045195282#4282080167,0,0,0.25066656178950586
18465768764#5185529534,0,1,0.6390745383622622
4442434830#4264534612,0,0,0.234034868321001
5027483278#4826662409,0,1,0.9716547796443552
2069807272#3120630195,1,1,0.7187941322611627
1690392435#4675092479,0,0,0.4131410055747825
2071777451#144789463525,0,0,0.23123133897710274
3514683078#4282080167,0,0,0.22040361907804334
5111591626#1844986349,0,0,0.1404865635946048
3060159815#2058207302,0,0,0.23123133897710274
56587760546#59051760061,0,0,0.23081407846476454
2066608628#2064651676,0,0,0.22990727866173127
4749417182#2060056771,0,0,0.18055446868514158
3860598463#1701262215,0,0,0.39703824950813804
3564523840#1844986349,0,0,0.23999842933767795
5214133765#2168053327,0,0,0.2192496439037825
3967289494#4475471841,0,0,0.2552137750915363
5050806766#82326381534,0,0,0.3510277581658508
4999395435#4934245250,0,0,0.18955917984479126
4730881018#2007923073,0,0,0.12316281992614869
3920761470#2078231832,0,0,0.23674572637518848
5103624144#3636255407,0,0,0.16498666387044372
1920508153#3558421110,1,0,0.461123694775263
3747074740#4257137636,0,0,0.23123133897710274
82326381534#323299606725,0,0,0.28988106542741465
3717220055#3551736332,0,0,0.23123133897710274
3945392968#556384743931,0,0,0.32114880306339066
1802113995#3454385494,0,0,0.20474336787961753
3339753670#3995939780,0,0,0.2535044963335427
2147527944#4313472390,0,0,0.4494260239910415
4081080882#60502455786,0,0,0.14527563163703544
2058968766#4726396976,0,0,0.23080032597518543
138961536981#2116384872,0,0,0.23123133897710274
1802608944#2061948762,0,0,0.18500358296782635
3795870790#4075760647,1,1,0.5704351833429291
4793454229#4699492658,0,0,0.14706505520932617
2055658829#1410206420,0,0,0.1923512288164923
4589801151#3927344890,0,0,0.27340969926748643
4683128695#138962886124,0,0,0.22040361907804334
3995882585#509348036756,0,0,0.2619312103839637
3635899848#47066263949,0,0,0.23123133897710274
25271558033#1309241824,0,0,0.23123133897710274
107766860234#4944977785,0,1,0.8328245362145429
4206249296#3826206182,0,0,0.2617674656715163
3271713292#3551045844,0,0,0.32404950897327534
1690392435#2314435227,0,0,0.15012941625709056
59051760061#509348036756,0,0,0.2619312103839637
2116384872#4786425036,0,0,0.23123133897710274
4466176551#3511353262,0,0,0.3190561561719884
3567360966#4855531635,0,0,0.3252101736371697
4675051825#201557135125,1,1,0.5101159165512476
4509579066#4424218136,0,0,0.3035780171783957
4572590009#4489623613,0,0,0.1458905942406438
4435542241#4010670765,0,0,0.20366257228906776
3882105016#4473639064,0,0,0.20653143819751535
2111999386#4206160273,0,0,0.19006208881402645
4241504041#20177117584,0,1,0.7446858467139732
2056662276#3831306920,1,1,0.6826693749783229
4591610567#4126391754,0,0,0.38059551737623587
416910186231#1775476124,0,0,0.1176178215410742
1848034697#5067110667,0,0,0.3191790857698289
4882622259#1823372268,0,0,0.20071224868804752
3459782364#218691706787,0,0,0.28305315063508907
3797481052#138691630850,0,0,0.23123133897710274
5196755485#423255649219,0,0,0.2315256526745585
2075416377#1666737679,0,0,0.15669785853749116
2944165247#1760201040,0,0,0.28257674958856294
2111494388#1711768137,0,0,0.23123133897710274
2977432095#1431841097,0,0,0.22582356201780202
2059581715#2123105045,0,0,0.2709986967987526
1760201040#179195001984,0,0,0.23123133897710274
4752061423#2058434584,0,0,0.23123133897710274
4529952057#3709911667,0,0,0.2778567584799933
1783918544#451199299348,0,0,0.1983540032546516
4464262179#3937803478,0,0,0.271280495733687
2932008834#3435281641,0,1,0.5379132474727898
131792614672#4608143553,0,0,0.28656444246186774
2123088534#4264656619,0,0,0.23123133897710274
3041214478#2058849144,0,0,0.23123133897710274
4626053521#102790670060,0,0,0.23123133897710274
5063243277#3862442483,0,0,0.2781455933934839
3967281611#4595119059,0,0,0.367435796089489
3622118220#113560958124,0,0,0.27714033373728714
1950837411#35840895191,0,0,0.4151464139782589
2064386479#2111999386,1,1,0.5530859288302724
2050811813#1801949283,1,1,0.8746018389152646
18465768764#3202650162,0,0,0.23243820818900823
5062878913#4933601180,0,0,0.22040361907804334
2121403889#4699492658,0,0,0.12941856135913224
4443083796#3797577168,0,1,0.600804135291209
3042388146#4913620658,0,0,0.23123133897710274
1401982553#4696335646,0,0,0.20744073544025135
4464267701#2113209826,0,0,0.22393835832477652
4955195008#138961536981,0,0,0.23081407846476454
4726396976#3897875146,0,0,0.23123133897710274
5140039711#5080010233,0,0,0.18804765026476333
201557135125#53433220404,0,0,0.350584841679712
140581144985#5153649937,0,0,0.24808501484516673
3339264625#3633644000,0,0,0.27202460023051317
4953440832#1721812143,0,0,0.20579222063931457
4548887380#1672066227,0,0,0.23982810436392524
2058207302#3088007378,0,0,0.23218722906033565
4720390052#113560958124,0,0,0.23123133897710274
1410206420#4993637002,0,0,0.23123133897710274
3502505322#5045583576,0,0,0.36164042238560146
4567238149#1748267407,0,0,0.1128995143533156
4260655307#3050036635,0,0,0.26288035489872047
39450581767#14613484963,0,1,0.5943469585204394
2168049313#2055375491,0,0,0.39095881227704105
3459782364#4999395435,1,1,0.9628780957344354
4256271098#4435546738,0,0,0.29563267439090307
2115186615#2065681248,0,0,0.23081407846476454
33827094730#4657296734,0,0,0.2631015927766494
4934245250#1672066227,0,0,0.24780053641441901
2037039871#336556403061,0,0,0.20525778349195042
1782375467#4913756270,0,0,0.40579380498506756
2074538866#2057787086,0,0,0.24482126022388478
2199558280#1815633130,1,1,0.8319671133193394
2053116658#2060056771,0,0,0.21337750156502158
1927135903#1773082332,0,0,0.42777092660544075
6633414875#4959796164,0,0,0.1271808057516728
4219781519#4913743600,0,0,0.2610351015043813
2065643741#4197957154,0,0,0.37928164385955176
2075416377#1923282767,0,0,0.17781524508101765
4346006247#96464483573,0,0,0.234034868321001
4206401183#2205022736,0,1,0.5250523352891046
1401982372#8431816618,0,0,0.3801744935798296
3047029968#1537439376,0,0,0.3248809130398964
2059020105#2062066566,0,0,0.44923554053425635
3525476136#4808412950,0,0,0.3254222170406651
5154554715#3267338671,0,0,0.20992962033915036
4852065333#3339264625,0,0,0.2709986967987526
3067096711#5182358949,0,0,0.1750532181284614
3997184387#3829368932,0,0,0.2903269707989613
3954693062#2446874502,1,1,0.7058044465840396
2119475368#5080010233,0,0,0.38343233705093394
4650405536#4649420935,1,1,0.9058998568304377
4855531635#1401982372,0,0,0.2043391599421708
585216739399#48901612818,0,0,0.23123133897710274
2932008834#2136848057,1,1,0.6684983125911097
20177117584#1374712246,0,0,0.23117631520719562
336556403061#3807056657,0,0,0.18013999263683753
85384061690#2081310427,0,0,0.1974409298939505
4692874281#4547354791,0,1,0.6141904396375168
5165641659#2053826326,0,0,0.44332054022436107
2108617570#3727406860,0,0,0.23123133897710274
3967281611#4435453955,0,0,0.2350980460643213
1848034697#4499122001,0,0,0.15195969910499213
4206249296#423255649219,0,0,0.14650930415211774
3795870790#4332290907,0,0,0.23123133897710274
4219781519#1657111787,0,0,0.3270542794703631
5174571094#4205500523,0,0,0.24143836948337336
91821746394#3770199438,0,0,0.27523383975579824
3716141957#3914990489,0,0,0.20303357772951106
4975601232#60502455786,0,1,0.6425923903533144
2056703740#450099632797,0,0,0.15982459130019488
3454385494#3842666513,0,0,0.23123133897710274
178471540370#2056050973,0,0,0.3472311845074659
451199299348#4041026262,0,0,0.23123133897710274
44044455454#610724884856,0,0,0.23123133897710274
2168053327#3716141957,0,0,0.34645316999290043
3920761470#485901844230,0,0,0.23123133897710274
3770309546#3072545115,0,0,0.2097946119544249
3267793397#4391848279,0,0,0.3659725733347736
8431816618#1639157122,1,1,0.5081067407835038
4361532031#4196598949,0,0,0.4499858227717733
610724884856#4720389596,0,0,0.20744073544025135
3239343165#1806390048,1,1,0.7080225109222741
2011135203#4913743600,0,0,0.21011086308211482
4522343644#1369866993,0,0,0.20078379502839133
3550703733#3267338671,0,0,0.23123133897710274
3727406860#4622896603,0,0,0.23123133897710274
422592070627#5067110667,0,0,0.38189233922101073
1765964136#2338797804,0,0,0.47873712461055246
49450621842#3842666513,0,0,0.26753667010450954
2873066884#3806763143,1,1,0.6534261143669675
4206160273#4959796164,0,0,0.2256864860155965
4787160203#3842666513,0,0,0.23123133897710274
4935501979#34523829000,0,0,0.10031503305773237
2168053392#4572590009,0,0,0.39095881227704105
2061138052#4297587275,0,0,0.34880922486306326
4161800645#4726396976,0,0,0.3153199895795915
178251297462#1909948077,0,0,0.17667107418164105
4260655307#4699492658,0,0,0.16356499144457462
3267338671#4420214504,0,0,0.148278402819798
4726396976#4464267701,0,0,0.23080032597518543
2108617570#4513691832,0,0,0.23123133897710274
1842010241#53433220404,1,1,0.7317147033701034
2071962865#4346589693,0,0,0.1902596383816543
3795870790#3781728770,0,0,0.37723236970670265
4144101559#3927195586,0,0,0.15893170306943052
3727406860#1748267407,0,0,0.2708340035014253
444631792208#485901844230,1,1,0.9643847002097926
5122767275#1558134955,0,0,0.23123133897710274
327540253581#2062066566,0,0,0.2836724172917009
4241504041#4435453955,0,0,0.2092021472443723
54501067062#80056558706,1,1,0.5532666768167939
77921648746#5166721362,0,0,0.31080064802331875
3781728770#3784845932,0,0,0.23123133897710274
4020838298#2065240489,0,0,0.38275003130178137
5098221599#1410206420,0,0,0.13748439757662953
4817865335#4824169309,1,1,0.5862942294390103
4530039449#4658859864,0,0,0.29626614817939
53433220404#2314435227,0,0,0.20744073544025135
3927344890#18465768764,0,0,0.24364208854352815
4578818238#4443083796,0,0,0.16093694058510682
2056050973#4464241165,0,0,0.23123133897710274
2111497729#80056558706,0,1,0.5422377771846988
5140039711#2055375491,0,0,0.27398653356991587
1557678768#33827094730,0,0,0.23123133897710274
4993637002#49450621842,0,0,0.23123133897710274
4628657238#4624558262,0,0,0.20744073544025135
2064049724#1639157122,0,0,0.2140064809081868
1690392435#5185554343,0,0,0.1614700014866945
2065681248#4670902580,0,0,0.234034868321001
3995939780#3801970394,0,1,0.5184464703115144
2038238117#3033451903,0,0,0.37694056466702686
3728594582#4248665066,0,0,0.23123133897710274
2059581715#35050759831,0,0,0.2013942567787701
3502505322#2625038642,0,0,0.2625990316722761
4464262179#1923282767,0,1,0.6214687540344579
3055420907#4332290907,0,1,0.6025168474541898
3882105016#4111669223,0,0,0.25893602792267223
1491808729#4295043985,0,0,0.34450596608667156
3042388146#2007923073,0,0,0.1974409298939505
3045195282#1806390048,0,0,0.27494041637472566
3550703733#4094338175,1,1,0.8014197475007153
3635899848#2314435227,0,0,0.22040361907804334
200793780504#3709911667,0,0,0.21332417346392396
4913620658#1799390134,0,0,0.23123133897710274
3618222408#3849754958,0,0,0.3279311509819751
3514514633#3831306913,0,0,0.23123133897710274
3633003734#2062905665,0,0,0.3614927452976699
6633414875#3831306916,0,0,0.327995275397772
59657910044#4040037171,0,0,0.18877118116992267
97378088946#14613484963,1,1,0.6871053227876471
3882105016#3966652517,0,0,0.23123133897710274
2121552363#3046812325,0,0,0.23123133897710274
2152113149#1312951134,1,1,0.8050734933587502
550633511658#2007923073,0,0,0.17783605009475867
2112609950#199104051031,1,0,0.2623208578923261
2255999084#1557678768,0,0,0.3395723387358482
25271558033#5139738145,0,0,0.21689388450463934
3920761470#172087618689,0,0,0.14833831716890386
3927344890#18465850062,0,0,0.2659285460381522
4913743600#2027930795,0,0,0.23123133897710274
191333072438#2121403889,0,0,0.1845002940604531
90088944269#1875570795,0,0,0.23123133897710274
3072545115#2338797804,0,0,0.198901932724961
4205500523#2065044531,0,0,0.42146894971256144
2338797804#4128826467,0,0,0.29543322861833327
82326381534#4282239841,0,0,0.30562449010958515
117756682724#4706331170,0,0,0.43905108414378446
4256271098#4167169697,1,1,0.8724848304055584
4475471841#1639373514,1,0,0.4836830103937576
1844986349#444631792208,0,0,0.2097946119544249
4877557723#3781728770,0,0,0.23123133897710274
59657910044#4426887495,0,0,0.3696106517342907
1485342380#4557843865,0,0,0.23123133897710274
3795870790#90088944269,0,0,0.23123133897710274
4676945807#3033451903,0,0,0.48861584784204637
4675092479#3844369814,0,0,0.2683311742037418
283482842835#3417328243,0,0,0.28305315063508907
5214033793#2061138052,0,0,0.20632956485035184
158255665663#3033451903,0,0,0.2936829595596849
2070081045#4655210982,0,0,0.2741063287701619
4587522516#2050811813,0,0,0.33787392917753784
4433126615#1319732582,0,0,0.3006029824252271
2059581715#6633414875,0,0,0.234034868321001
3920761470#1774799298,1,1,0.6810909915051918
343207691350#161914880681,0,0,0.22393835832477652
1775476124#4248665066,0,0,0.3100082455467803
3052336116#1431841097,1,1,0.5810024112513301
2056050973#2115186615,1,1,0.5947397550176766
323421711132#2065123842,0,0,0.32824351027486626
4206008942#416910186231,0,0,0.20840385526971364
4471449591#3935465939,0,0,0.3583878595914124
4391848279#1813034413,0,0,0.21713127639060553
3550703733#395685899087,0,0,0.23123133897710274
2062905665#2007923073,0,0,0.39169059990716143
3046306290#3897875146,0,0,0.23123133897710274
4843658030#140581144985,0,0,0.23123133897710274
3114734058#4851625903,0,0,0.20744073544025135
3458091636#4742632507,0,0,0.20744073544025135
4127765656#2058881485,0,0,0.32862389399878317
5067110667#38189434441,0,0,0.25228796256782093
3883531558#2071962865,0,0,0.4366843178860682
54163692074#5027483278,0,1,0.7497324212279287
2075416377#96344432148,0,0,0.23123133897710274
4752061423#3883531558,1,1,0.6064042235814574
49450621842#4692710195,0,0,0.23123133897710274
292830032329#2064386479,0,0,0.28808060474045605
238810853483#4696140824,0,0,0.23426298736387732
4658859864#60746273843,0,1,0.7039681415769123
4595119059#3271713292,0,0,0.12654092719325688
1614486994#1621413330,1,1,0.6916197818720429
1823372268#332289128117,0,0,0.2287175941375596
3801970394#4077259221,0,0,0.30843475857754854
4607726453#4877557723,0,0,0.37103374111438225
4144101559#53433220404,0,0,0.2107577550430537
4587522516#5166622275,0,0,0.23123133897710274
2114341514#8431809688,1,0,0.4306304553134435
302661384233#4570880462,0,0,0.2709986967987526
5061207560#4572223100,0,0,0.1852298435511384
33187929079#325294719982,0,0,0.42656523298658827
1950837411#2112609950,0,0,0.23426298736387732
1671507912#1918807484,0,0,0.23123133897710274
6626538016#5139738145,0,0,0.18767114274117375
4913620658#4934926045,0,0,0.3153199895795915
4345891873#4464225618,1,1,0.7921720991027371
4135061499#3927195586,0,0,0.21206856479917066
18465768764#3467678421,0,0,0.21257512718595378
4020838298#1401982372,0,0,0.2445165121294626
4730881018#450099632797,0,0,0.31380669921931
1321409006#18956333945,0,0,0.3144609671019355
164316289384#4913743600,0,0,0.2878605389132138
4919686468#4513691832,0,0,0.23123133897710274
3514514633#1401982553,0,0,0.18559143726663432
4720454712#4720389596,0,0,0.3428172950288844
3795870790#5140039711,0,0,0.23123133897710274
3084169617#2058207302,0,0,0.23123133897710274
3635899848#1639155385,0,0,0.23123133897710274
3849754958#8484260087,0,0,0.34663730727442027
3897875146#1785437365,1,1,0.7529710137903033
4591568435#2121552363,0,0,0.23123133897710274
2178100450#47066263949,0,0,0.27011932956202206
4626053521#4639874115,0,0,0.30245652415662366
4843658030#4655336845,0,0,0.4979462547571422
4934245250#4670277179,0,0,0.2764942412488505
1415431851#5140039711,0,0,0.25627816560172934
2065643741#4612325788,0,0,0.2709986967987526
2055553125#2061110696,0,0,0.22024064458147954
3862296444#2059194324,0,0,0.1074741854379108
1657111787#485901844230,0,0,0.34170583683949435
4126391754#4264643150,0,0,0.24808501484516673
4541989646#4589595603,0,0,0.2580964734748411
4570599868#2075117106,0,0,0.23123133897710274
3770199438#2062901374,0,0,0.24786689155748529
3618769182#4264656619,0,0,0.24808501484516673
2359147867#2075117106,1,0,0.3372155020002256
4501428482#2055878959,0,0,0.24143836948337336
4699492658#14613512425,1,0,0.29015616604327993
1829096346#5111591626,0,0,0.15723644061533298
436506547782#2062281479,0,0,0.2111952634907756
3468099011#5214033793,0,0,0.39628931229067654
1645442429#3860598463,0,1,0.5976236765894828
4159031604#1835570826,0,0,0.3467450228810122
3652204966#4934245250,0,0,0.12510509426075941
3986635625#2134510956,0,0,0.35670158806978114
4478450396#1423111094,0,0,0.355812372986371
2058489457#4933601180,0,0,0.21262318979253086
201557135125#4657420264,0,0,0.31585117740590724
2059581715#49450621842,0,0,0.23123133897710274
102790670060#3831306913,0,1,0.6942898973957415
4197957154#4289285913,0,0,0.23123133897710274
5062878913#2061392162,0,0,0.22040361907804334
124996165291#3002379949,0,0,0.21370038747438125
2205022736#1639157122,0,0,0.26222976677290843
5051911276#3798427322,0,0,0.13714495331709303
156275023490#2071777451,0,0,0.23123133897710274
