pair_id,label,probability,prediction
4934929781#1434308545,0,0.43015203,0
35840895191#4332430854,0,0.41961253,0
1810185303#19200751877,0,0.4174631,0
4405820651#2071810750,0,0.42981035,0
4283871990#1701502009,0,0.42945462,0
4833740538#4657604028,0,0.4035788,0
207032695430#550633511658,0,0.4423832,0
4514268207#97115450346,0,0.43219566,0
3887327251#3559141874,0,0.4258348,0
1628142291#1961624635,0,0.42079222,0
2081856411#3633114696,0,0.4098822,0
61480810216#14613525328,0,0.4110391,0
3082154081#113940347013,0,0.4277403,0
4442404182#41556618165,0,0.40248615,0
1760567279#4674166292,0,0.40585527,0
1543994516#4726063649,0,0.4222005,0
4883979137#2118850114,0,0.42656937,0
4358894069#4717147193,0,0.4184404,0
2064580910#2073591147,0,0.42359725,0
4657264966#4821187508,1,0.39741907,0
3937838359#3756773168,0,0.4297413,0
197780879481#4158629441,0,0.41707155,0
379478720787#3479468876,0,0.4128649,0
2076000953#4155453347,0,0.4142507,0
4657264966#58909543123,0,0.4056139,0
4636350698#1639256138,0,0.42559868,0
4206185741#3633303372,0,0.40955275,0
3077591998#1741741476,0,0.4274536,0
3630377995#135661412204,0,0.42440704,0
4070369143#1841861991,0,0.42718017,0
4332430854#244380536377,0,0.4116456,0
4668248026#4015322905,0,0.42172715,0
176559958604#187850583866,0,0.43078226,0
3633114696#4655118040,0,0.40531248,0
1371718847#2062777752,0,0.41318935,0
4893654052#4397754007,0,0.42736518,0
3429530265#3951836421,0,0.41361332,0
2079134592#30238763253,0,0.4244509,0
2058316912#4040422114,0,0.40532252,0
2059208034#2118636976,0,0.40887338,0
65121698593#1639859238,0,0.43656802,0
4590034064#1721524699,0,0.41751733,0
2152065366#3044853716,0,0.42263815,0
1653994308#5174644144,0,0.4233823,0
4473639064#1372548918,0,0.41811138,0
1729872694#1711682143,0,0.41875345,0
2079134592#2107319978,0,0.43451947,0
3429530265#4915072924,0,0.4165005,0
2112404854#4273495849,0,0.4221478,0
2198670733#1396458706,0,0.41624197,0
2066964990#2037039871,0,0.4269695,0
3633533062#29401716667,0,0.40290016,0
2055388911#3634100347,0,0.41258398,0
4293069425#3961805889,0,0.4307189,0
4145538930#4273495849,0,0.41628513,0
1372178479#3926916973,0,0.42646262,0
3494646727#2113489584,0,0.4236886,0
5066826501#210832073881,0,0.4284537,0
4726348614#4542039020,0,0.39709392,0
4557840495#3702620538,0,0.421073,0
2071860396#2056226500,0,0.41592675,0
3637013838#499646724147,0,0.38652816,0
1314229142#2055388911,0,0.42110267,0
3400442486#3400949384,0,0.40891066,0
3967431644#1728174551,0,0.42836884,0
3467124013#1726849895,0,0.41814142,0
3072527640#1681387366,0,0.41112238,0
4726063649#1811606501,0,0.4146477,0
1502419182#1437065018,0,0.41480452,0
76157113368#3637013838,1,0.42260796,0
3026064813#4726063649,1,0.42985478,0
2071810750#3475310737,0,0.42278144,0
3042130107#1960991500,1,0.40662205,0
1314229142#2059208034,0,0.42945197,0
3053522778#2119615174,0,0.4320601,0
1639874909#2070908678,0,0.42890692,0
3692837048#1667389566,1,0.42463002,0
3214249594#2054781182,0,0.40916377,0
1995007743#3047893935,0,0.42904675,0
3559141878#4206177622,0,0.4175626,0
4606763895#2054781182,0,0.42883134,0
2215543173#4236851222,0,0.4278384,0
4813716345#4542039020,0,0.41298804,0
4969770564#4426912526,0,0.42429644,0
2667613191#4651001595,0,0.41801172,0
3301628409#1502507146,0,0.42374647,0
2452901483#4716933437,0,0.39988318,0
3249295282#1437868238,0,0.41506422,0
156117172741#156277193948,0,0.42671892,0
4416668619#4893654052,0,0.42824796,0
17373109457#528895744557,0,0.43041873,0
207032695430#3728591592,0,0.42296588,0
3831306913#97115450346,0,0.42670545,0
4683128574#4683128693,0,0.41219378,0
2067590020#4851856042,0,0.41149306,0
133162664120#176559958604,1,0.42642173,0
4157401170#4642851315,0,0.41549626,0
3954632610#3419405027,0,0.41284522,0
5091621114#1314318421,0,0.42851192,0
4442404182#2070908678,0,0.42882615,0
4320035753#2055388911,1,0.41977626,0
2075941248#3995754516,0,0.41828403,0
92368429738#4687269370,0,0.4232093,0
176559958604#229064296735,0,0.4345864,0
1541880573#197780911762,0,0.42269474,0
192039556109#156117700215,0,0.4101091,0
5183982232#4445134769,0,0.41333988,0
3937838359#3441006989,0,0.43757373,0
2198670733#4877557723,0,0.43241873,0
1472057121#4161797606,0,0.41744155,0
1688741198#1328713620,0,0.40771306,0
4185378416#4824413800,0,0.42053545,0
2074747025#2138241335,0,0.408488,0
2066509476#2054657150,0,0.42533037,0
2067590020#4728183172,0,0.41883275,0
2062122607#4437686963,1,0.42627227,0
4945184061#4674166292,0,0.40911418,0
2113209826#5026206690,0,0.40890482,0
335140369784#3938878589,0,0.42290017,0
18468637596#4206296451,0,0.42504886,0
3702620538#175688747293,0,0.41017088,0
4843658591#4839116720,0,0.39941415,0
3831256267#4062293592,1,0.41330826,0
3818902117#3528447762,0,0.4265448,0
1391108904#4635890199,0,0.4261309,0
3797577433#4683128695,0,0.4180078,0
4087558268#2079329848,0,0.41814676,0
4155453347#4233841850,0,0.4002024,0
3419400892#3954632610,0,0.41285607,0
3514682983#3419400892,0,0.40650058,0
92368429738#2071810750,0,0.41786143,0
3235715171#3235731059,0,0.4151573,0
18467925256#323421711132,0,0.4410031,0
2113209826#3913845906,0,0.43114752,0
1309241819#4476079587,0,0.42940006,0
4836816015#3887327251,0,0.40950269,0
3235715171#4206177622,0,0.41447467,0
2056240035#3235731059,0,0.41943854,0
4304322865#156117172741,0,0.42508355,0
2132712586#1391108904,0,0.4262514,0
1641743465#3301628409,0,0.42391777,0
3082148037#1328713620,0,0.4180985,0
2123557663#2111138171,0,0.42016765,0
4549189933#23450012565,0,0.41942805,0
3883422036#4222366434,0,0.41931802,0
4283871990#1393978070,0,0.4189123,0
4272916870#3077577348,0,0.4321427,0
3055389286#54162860059,0,0.42608625,0
75959618233#444631792208,0,0.41879845,0
1512606886#3082154081,0,0.41708776,0
3797571274#4158629441,0,0.42647663,0
4703570487#5195793914,0,0.4000642,0
372481782919#4587233229,0,0.41876978,0
1646111778#1646111781,0,0.41780317,0
2061712594#4506526792,0,0.4154255,0
139619394191#4573406193,0,0.42305052,0
412747360553#407321254565,0,0.42903826,0
4589673799#97245307190,0,0.42738748,0
5142907913#2057634508,0,0.41669977,0
2060201778#4696038763,1,0.4251592,0
2255999084#5053698926,0,0.43031016,0
4037072294#2079134592,0,0.4224807,0
1312624571#2152065366,0,0.4213481,0
5195793914#4808134153,0,0.40893757,0
4108525284#3891956879,0,0.42810515,0
2074747025#2118343045,0,0.43174642,0
1409311663#3301628409,0,0.41595525,0
3920807098#3257238638,0,0.40477824,0
1541571286#1309258396,0,0.421061,0
4233841850#1639324664,0,0.4197685,0
3964017834#2455628985,0,0.4255698,0
1487880752#1487880547,0,0.41753235,0
4720017417#4668248026,0,0.42202455,0
110748797879#3831306917,0,0.42110693,0
160860596936#325413609982,0,0.42075717,0
3301628409#3467124013,0,0.41836888,0
4264655494#4883979137,0,0.41732404,0
1487880752#1502507146,0,0.41117597,0
3915028298#4897654827,0,0.4072294,0
394070493542#2118636976,0,0.41299736,0
3920807098#4218561827,0,0.42089018,0
2112404854#2061830876,0,0.42668152,0
4636350698#3749458600,0,0.43314666,0
4010669700#211516813604,0,0.42434028,0
97115450346#65121698593,0,0.4179973,0
1639874909#2667613191,0,0.430793,0
2076000953#175688747293,0,0.41340593,0
4821187508#191526663714,0,0.41516933,0
4441056785#4157401170,0,0.41405743,0
4264655494#4455910775,0,0.41952536,0
191526663714#59701070745,0,0.42061546,0
141222615628#54162860059,0,0.41700733,0
3891956879#3891956877,0,0.41943,0
1995007743#1592249119,0,0.42674336,0
2058575359#2756868325,0,0.42253152,0
4495282808#4696502795,0,0.42530409,0
4317023855#2079569518,0,0.4157581,0
37353468240#4809097722,0,0.4180698,0
2459935330#1314318421,0,0.42757416,0
5169189544#1772710082,1,0.40673596,0
4236851222#2090772224,0,0.42751402,0
110021560021#4702376819,0,0.4118976,0
4893420383#4904481611,0,0.42002618,0
4099060832#2056054806,0,0.43449694,0
4557840495#1644318212,0,0.42211795,0
29401716667#41204352605,0,0.42145085,0
5174562295#4676945807,0,0.42458376,0
2179966995#1760567279,0,0.4232394,0
4439261964#4893420383,0,0.4209193,0
1512751759#3047893935,0,0.429096,0
4283871990#1418076289,0,0.43585408,0
2055886100#2061712594,0,0.42435515,0
5206080225#4206177456,0,0.42747355,0
4057371579#3723581561,0,0.41575086,0
3124123344#1388962262,1,0.4216052,0
1990355406#1635602597,0,0.41221535,0
3797577168#3845755569,0,0.42917135,0
4833740538#4623972279,0,0.42171186,0
3908809138#4399131975,1,0.41976422,0
3692837048#4726063649,0,0.40809485,0
4536383286#3967292640,0,0.4143811,0
2106691106#4506526792,0,0.43059608,0
1639324664#2075941248,0,0.43434155,0
4439426144#3797571274,0,0.42937204,0
197780879481#4437686963,0,0.41733488,0
4256816954#4513941964,0,0.4208032,0
2056507210#2054657150,0,0.42190042,0
3949325253#3887359663,0,0.42695796,0
19200751877#1978617477,0,0.4200498,0
422593008639#3060181630,0,0.42635158,0
3692837048#4201800596,0,0.41575506,0
4839116720#1639155385,0,0.42344424,0
4455450028#2076341379,0,0.42163202,0
5196858530#4477152635,0,0.4144041,0
1512564701#2060575805,0,0.41965523,0
3993258388#3559141874,0,0.4232637,0
1742685067#4645874167,0,0.407214,0
2756868325#2329115926,0,0.4155493,0
1639859238#2070915408,0,0.41666678,0
1512751759#2111138171,0,0.42832613,0
4206160273#3404198756,0,0.43372402,0
4900708136#4915591396,0,0.40301898,0
124972559649#158860974845,0,0.4151821,0
1396458706#4274231792,0,0.4229188,0
4969770564#4397754007,0,0.42166767,0
3883422036#86626661064,0,0.4256188,0
3926916973#2118343024,0,0.41168433,0
1451127432#4206177622,0,0.4200024,0
4697481294#3404198756,0,0.43569,0
5045435844#20439929902,0,0.41175088,0
3419406689#4004760998,0,0.41251433,0
1386618246#4387748183,0,0.415672,0
4304322865#2066509476,0,0.43145084,0
2058316912#2061609249,0,0.42586938,0
1497975779#5165641659,0,0.4256974,0
3303709815#2111305988,0,0.43314064,0
1639143131#207032695430,0,0.41897544,0
1636552632#1487880545,0,0.40183312,0
3920807098#4904481611,0,0.4243082,0
4004772536#4134047757,0,0.4176354,0
3419405027#3419406689,0,0.41433355,0
23236172957#33479876316,1,0.41887286,0
2090772224#75959618233,0,0.42222455,0
2058919336#3578770368,0,0.42021924,0
507856838174#4358894069,0,0.39788976,0
49480466353#4317023855,0,0.4145068,0
4093010754#1639859238,0,0.43313026,0
1927135903#3930414032,0,0.4210803,0
1316806291#4397755394,0,0.42999423,0
3995754516#5183119675,0,0.43048373,0
4701577010#3954861346,0,0.4232837,0
4623949174#3891995517,0,0.43150532,0
4495282808#3995918021,0,0.41374102,0
49480466353#4529802917,0,0.41555426,0
229064296735#498980611251,0,0.42593557,0
2150036453#3293868386,0,0.4182668,0
3760470313#4373986045,0,0.42154378,0
1434308545#3235715171,0,0.42316708,0
124972559649#5091621114,0,0.4164507,0
4851856042#1386618246,0,0.40082026,0
2076367337#4595088085,0,0.40162137,0
3723581561#1647227082,0,0.4203808,0
2459935330#2176856626,0,0.42525533,0
4355935019#4091678030,0,0.41892278,0
2073958683#4966778186,0,0.42666644,0
1701333915#1374772550,0,0.41299945,0
41204352605#4790722269,0,0.4222934,0
5174644144#11970072085,0,0.4270735,0
4571231312#2058316913,0,0.42181563,0
97245307190#2110996098,0,0.4020862,0
4037072294#3438816546,0,0.43341798,0
4222366434#14613470761,0,0.42072672,0
2114708220#4274434869,1,0.41508877,0
4157483944#4123794186,0,0.42359802,0
3630377420#3630377995,0,0.4180276,0
4639939654#1667389566,0,0.4203854,0
4387748183#5095472183,0,0.42625377,0
72738144006#2296560316,0,0.4229009,0
343207691350#4210985419,0,0.42073375,0
109769360804#294499666073,0,0.39796802,0
1640320664#4943160331,0,0.41799358,0
5066826501#2074747025,0,0.4198713,0
2108617570#4716933437,0,0.43199682,0
20439929902#2062991492,0,0.41756326,0
1497890852#1372178479,0,0.4201254,0
4290984960#5031406959,0,0.42296076,0
3913699707#5059287828,0,0.43442687,0
4355935020#1431837978,0,0.40327525,0
197780911762#133162664120,0,0.42252767,0
4900708136#3578770368,0,0.41178596,0
54162860059#2455628985,0,0.41586706,0
3913845906#75959618233,0,0.41508296,0
2055885528#3214249594,0,0.41468084,0
142083478286#5046655373,0,0.4098972,0
49480466353#2058316912,0,0.4076141,0
1741741476#1709874755,0,0.42579904,0
1415604956#4397754007,0,0.42488337,0
1659804386#3749458600,0,0.43235087,0
1416629632#5206080225,0,0.41546768,0
4809114345#5046655373,0,0.41538635,0
2118343045#4455910775,0,0.4181432,0
2118343114#1372178479,0,0.4188067,0
1497975779#1742685067,0,0.4238556,0
4185378416#4986514238,0,0.41451183,0
244380536377#238810853483,1,0.41092935,0
4674166292#4674188079,0,0.42467025,0
1639859238#4839116720,0,0.4294222,0
3528447762#2059500447,0,0.4250002,0
2058475069#1726849895,0,0.42373526,0
3816510804#4495282808,0,0.4172026,0
4635890199#4206296451,0,0.4292108,0
1393978070#1701502009,0,0.42839566,0
2044181318#2117948923,0,0.4235804,0
3860598463#4475471841,0,0.42688873,0
3578770368#2118636976,0,0.42392874,0
4439426144#3279454241,0,0.41032106,0
390474724805#3831256267,0,0.40346748,0
72738144006#4498422001,0,0.39991668,0
1854625863#2073958683,0,0.4292306,0
5206457326#54163685093,0,0.42374513,0
4432533603#72738144006,0,0.40558505,0
3709672083#4373986045,0,0.4168454,0
2118674361#1641743465,0,0.41546333,0
4614462519#156277193948,0,0.42825997,0
385969176673#440789276692,0,0.4037139,0
3467124013#4790722269,0,0.41748896,0
1721524699#2455879046,1,0.42178705,0
2106691106#138962685339,0,0.43980807,0
1752652470#2114708220,0,0.40446043,0
141222615628#203971666705,0,0.41087353,0
4999204993#4441056785,0,0.41239452,0
2070010942#1386808104,0,0.41140792,0
4295061736#3249295282,0,0.43248734,0
4667944802#3824422542,0,0.42429638,0
4505323150#1841861991,0,0.42112362,0
18468424368#4644349436,0,0.40476257,0
4746833491#3845653710,0,0.4228899,0
3913845906#3997332642,0,0.40908194,0
197780879481#1541880573,0,0.4144779,0
139619394191#4622655287,0,0.42884818,0
229064296735#2107319978,0,0.431174,0
74498483187#1805797094,0,0.42679957,0
1701333915#1701333923,0,0.42831913,0
4683128574#4683128792,0,0.41163242,0
2016174783#187850583866,0,0.4302242,0
4674188079#4945184061,0,0.41850296,0
4444196403#4273495849,0,0.41365403,0
3576124056#1838279516,0,0.4330596,0
4383857081#2063941871,0,0.43029627,0
4416668619#4397755394,1,0.43078178,0
4623949171#4623949174,0,0.41342518,0
4808134153#1636552632,0,0.43025494,0
3824422542#4668248026,0,0.42680785,0
440789276692#2117931003,1,0.41842058,0
54162860059#2190649057,0,0.4163177,0
4541783818#4999204993,0,0.4238552,0
4676945807#3887359663,0,0.39742455,0
1741741476#3077577348,0,0.4283775,0
2063875873#2010425525,0,0.42801318,0
407321254565#390474724805,0,0.41352051,0
3881670110#4888451505,0,0.41510975,0
422592070627#128510350084,0,0.40034592,0
138961802927#4513941964,0,0.41842318,0
2118343045#1711995496,0,0.42317384,0
4254950922#5059287828,0,0.41769713,0
3042130107#2061830876,0,0.41484532,0
4492809342#4206177456,0,0.41071767,0
1653994308#507856838174,0,0.41994,0
113940347013#3757477006,0,0.42517003,0
4526617809#4051773503,0,0.41453907,0
109769360804#4185378416,0,0.3985316,0
4317023855#138962685339,0,0.43091497,0
4123535150#3818902121,0,0.41499647,0
5045435844#5049710453,0,0.41775566,0
4619311949#2060201778,0,0.4263247,0
1644318212#1472770701,1,0.42557243,0
1396458706#2055375491,0,0.4290542,0
3467124013#1487880545,0,0.4171625,0
4358894069#4360968366,0,0.41274306,0
4683128695#1512564701,0,0.4276192,0
1487880545#3301628409,0,0.42355266,0
3082148037#1512606886,0,0.420148,0
1915755042#4437686963,0,0.4283336,0
3913414434#1578942207,0,0.42847246,0
4713775127#4722274481,0,0.42491645,0
2079329848#2058475069,0,0.425908,0
5139738145#4639939654,0,0.43040714,0
1371718847#1701333923,0,0.42321938,0
42074270076#5194662073,0,0.41229993,0
49577430316#3887327251,0,0.418554,0
4535930871#2074788669,0,0.42911118,0
2056146720#76157113368,0,0.3998106,0
4728183172#4450624363,0,0.43033,0
2079581946#397535266252,0,0.42626613,0
4809114345#1803263230,0,0.40101406,0
2060575805#1328713620,0,0.4025498,0
3499050406#92368429738,0,0.4199732,0
4279337296#4464736913,0,0.426567,0
3723581561#3772624980,0,0.41296518,0
4432533603#2190649057,0,0.4217374,0
2079569518#335230007323,0,0.42916042,0
3449953255#1578942207,0,0.4286184,0
3578770368#175688747293,0,0.4103176,0
5183122220#3967431644,1,0.42630404,0
2068979765#3633533062,0,0.4183589,0
1772705112#1818219339,0,0.42179054,0
4717447489#2062122607,1,0.42994446,0
5139738145#4279337296,0,0.44043124,0
3235715171#4505323150,0,0.42918426,0
2058919336#3719861029,0,0.42713523,0
2055886100#3048645894,0,0.42034298,0
4051773503#4568734964,0,0.39466748,0
14275123825#11970072085,0,0.41902095,0
5122647668#4851856042,0,0.4202917,0
1728174551#4219781521,0,0.4233812,0
5071210858#2073951091,0,0.42024904,0
2073951091#75959618233,1,0.41980392,0
191526663714#2296560316,0,0.41306844,0
4420971485#4728183172,0,0.42905566,0
2072277707#2055388651,0,0.4216377,0
3967292640#2255999084,0,0.4044661,0
2072277707#2062991492,1,0.4259752,0
3060181630#3938878589,0,0.4195673,0
3797577433#4999242335,0,0.40587845,0
4529802917#5174266018,0,0.41907933,0
5209073328#2059194324,0,0.42298624,0
2107271656#4506526792,0,0.42582285,0
4360968366#1386618246,0,0.420046,0
54163685093#5066791121,0,0.42418993,0
343207691350#323421711132,1,0.44153118,0
5174266018#1791708206,0,0.41918752,0
4654875230#4614462519,0,0.41177946,0
4420971543#4420971485,0,0.41222245,0
2107271656#4123535150,0,0.41859943,0
4572590009#29401716667,0,0.40605515,0
2119795881#3475310737,0,0.42284536,0
4004772536#2044181318,0,0.41376284,0
4402571427#4726348614,0,0.4183832,0
85742590406#528895744557,0,0.41727012,0
3054434630#1711995496,0,0.4158781,0
5035565089#4645874167,0,0.40684786,0
3691716746#4015322905,1,0.408158,0
3210538090#1806319252,0,0.42368555,0
59701070745#4480087497,0,0.42914036,0
2118343114#4590034064,0,0.41442227,0
2057099724#3429530265,0,0.4138807,0
2066509476#3093229304,0,0.4187272,0
4476878387#1639345669,0,0.41829726,0
335230005323#4480087497,0,0.43386242,0
1806319252#4959321230,0,0.42316112,0
42074270076#4969770564,0,0.4279189,0
4746833491#4717447491,1,0.42573202,0
79824982184#2058316912,0,0.4070508,0
3235731059#4344502942,0,0.4191855,0
3514514633#4589595405,0,0.4201233,0
1401982678#2138241335,0,0.42073384,0
3559141873#3439202323,0,0.43337253,0
4651001595#5062566737,0,0.41544867,0
3972744892#3818902117,0,0.4297564,0
2074747025#3845755569,0,0.4062118,0
4813716345#2063941871,0,0.42224514,0
197780911762#4437686963,0,0.4265195,0
2296560316#1457252585,0,0.42236763,0
3926711754#4623949171,1,0.41999996,0
2063596827#4442404182,0,0.43147504,0
1487880752#1487880541,0,0.41393393,0
2067590020#2063941871,0,0.4369873,0
4441056785#4057371579,0,0.40743467,0
5194662073#1990355406,0,0.42502022,0
1372432715#1328713620,0,0.40615377,0
2070010942#31657249259,0,0.42476055,0
4495282808#23236172957,0,0.4225008,0
3797571274#3618222408,0,0.42606774,0
2072277707#3060181630,0,0.42661592,0
4455910775#3279626812,0,0.41097307,0
1646206854#4673250183,0,0.4242776,0
3202467812#1541571286,0,0.4263687,0
4699490403#3891995517,0,0.43011704,0
285571185833#4095205192,0,0.40242094,0
4589595405#1452953298,0,0.3996703,0
3578770368#2059194324,0,0.41840944,0
4915591396#169883264664,0,0.43232474,0
1309241819#4185378416,0,0.42222756,0
3719861028#3630377420,1,0.42408666,0
4851625903#3908809138,0,0.41712126,0
5053698926#2063780194,0,0.39548096,0
1915755042#2056054806,0,0.4322844,0
3967431644#3967431645,0,0.41788572,0
3997332642#6626538016,0,0.42381206,0
2055377608#2016174783,0,0.42224473,0
1915755042#2138727017,0,0.42773905,0
3964333871#1728174551,0,0.42382094,0
97245307190#4704351850,0,0.39084825,0
343207691350#212932070423,0,0.4280264,0
1371718847#4040422114,0,0.41218716,0
4416668619#4781194041,0,0.42931122,0
4161797606#422593008639,0,0.42492133,0
4387192350#4728102784,0,0.42580935,0
4720390456#5053698926,0,0.40272656,0
4285435367#3915028298,0,0.42548022,0
4279780621#4219305672,0,0.42455336,0
1452953298#4157495788,1,0.40913197,0
2120702109#2067183017,0,0.42109486,0
3709672083#4285651704,0,0.4175742,0
4684230132#2118636976,0,0.43107143,0
4717006903#3972924699,0,0.40639162,0
4134941234#3602711494,0,0.4192304,0
4344502942#4218561827,0,0.42524874,0
1791708206#4424722345,0,0.4357293,0
5018444082#5206457326,0,0.4243059,0
1391108904#2108617570,0,0.4268716,0
2066608237#4595088085,0,0.41946936,0
2085225572#3559141878,0,0.42267635,0
1487880545#4214739605,0,0.43683025,0
54162860059#1506416355,0,0.41932562,0
3637013838#2076341379,0,0.42021838,0
3967431644#2063941871,0,0.43158013,0
2016174783#2070915408,0,0.4246773,0
3723581561#4619311949,0,0.4185444,0
1452953298#2055375491,0,0.4045087,0
76157113368#4683128693,0,0.40338594,0
2055885528#1485299448,0,0.42440036,0
1438326380#4572590009,0,0.40930042,0
97245307190#4231530282,0,0.39471316,0
2120091370#3077591998,0,0.42813408,0
3580451461#158860974845,0,0.4186641,0
5035565089#5183982232,0,0.41132975,0
4314776750#2056146720,0,0.40426534,0
5026206690#4926497821,1,0.3975517,0
5215138753#5197763503,1,0.40365204,0
4210985419#92368429738,0,0.41547638,0
3926867260#3400442486,0,0.4155918,0
4821187508#59701070745,0,0.4096609,0
3757755788#4915591396,0,0.41797727,0
1635602597#1502419182,0,0.4080052,0
4915591396#3249351499,0,0.39755177,0
2179966995#1811606501,0,0.39981553,0
2111683743#4157483944,1,0.417149,0
3077591998#4986514238,0,0.4280982,0
1608452100#2120091370,0,0.42306244,0
4934929781#4888451505,0,0.4284939,0
2113209826#2044181318,0,0.42587343,0
1608452100#1592254485,1,0.42316645,0
2118674361#4062293592,0,0.41495118,0
1805797091#4717447491,0,0.42259723,0
4717006903#2057099724,0,0.41020307,0
4387192350#3937838359,0,0.42779398,0
3757477006#2119398048,0,0.4096678,0
4934929781#54163172658,0,0.3925589,0
2062777752#1772710082,0,0.43152586,0
3499050406#4934929781,0,0.40814474,0
1386808104#1328713620,0,0.41093984,0
4419563623#4455910775,0,0.4127974,0
97736798616#4526617809,0,0.42806265,0
3301628409#4222366434,0,0.4263496,0
3047893935#2120091370,1,0.42813337,0
2057145715#1608452100,0,0.4177054,0
2119795881#72738144006,0,0.42776522,0
1806319252#3915028298,0,0.42431572,0
1659804386#3797571274,0,0.43812954,0
3026141475#3913414434,0,0.41775978,0
4651001595#3401731422,0,0.42344806,0
4888451505#4397754007,0,0.42216524,0
4568734964#4437686963,0,0.4270671,0
4969770564#2235828707,0,0.43048662,0
23232175462#2118674361,0,0.427041,0
4233841850#1773082332,0,0.41439685,0
4343053909#4447022338,0,0.40634388,0
5045435844#54163172658,1,0.42228433,0
108005767633#3446005398,0,0.4334948,0
3074302372#2062991492,0,0.42411104,0
4123794186#4781194041,0,0.43102783,0
3979873043#3093229304,0,0.41846758,0
2111146548#4622655287,0,0.4387614,0
162763009373#4717447491,0,0.43453428,0
4480087497#5183119675,0,0.43224755,0
1741741476#1578942207,0,0.42068803,0
18467925256#30238763253,0,0.43307212,0
4383857081#387778124974,0,0.4318023,0
4108525284#4070369143,0,0.4169296,0
4526617809#3045169703,0,0.42465547,0
1388962262#4432533603,0,0.42109385,0
4654875230#4037072294,0,0.43446553,0
2081856411#2063875873,0,0.42311266,0
5083069896#4557840495,1,0.42707735,0
4655118040#2076367337,0,0.41942936,0
1401982678#2235828707,0,0.42021197,0
2055448044#2062777752,0,0.43215278,0
4219781521#444631792208,0,0.42239743,0
5174571094#3983618810,0,0.42833453,0
4432533603#4838235692,0,0.42613724,0
2115121510#1659804386,0,0.4238679,0
4573406193#4713775127,0,0.41539326,0
2112404854#4264655494,0,0.42506626,0
3891995517#3891995516,0,0.4235916,0
1950837411#2058575359,0,0.4046131,0
2111154531#379478720787,0,0.42973042,0
2058557454#2113209826,1,0.43646368,0
1803263230#1487880545,0,0.4185452,0
416021357693#201834375600,0,0.41077527,0
23236172957#4206160273,0,0.40130273,0
4959321230#1810185303,0,0.4275896,0
3954647267#3772624980,0,0.41479784,0
4214739605#4344502942,0,0.42955452,0
4040422114#2190649057,1,0.41738927,0
1639324664#2120091370,0,0.43202528,0
1592249119#2054734151,0,0.42584047,0
2667613191#2057099724,1,0.42080504,0
4320035753#2190649057,0,0.4248518,0
2115528606#4426880471,0,0.4287613,0
2062207570#23188819996,0,0.41231778,0
5031406959#3938125853,0,0.42275858,0
72738144006#4623474983,0,0.42311648,0
2054781182#3395535928,0,0.42619425,0
3301628409#3439202323,0,0.41693765,0
4264655494#156277193948,0,0.4293671,0
1437868238#2070908678,0,0.42844638,0
4437686963#4717447489,0,0.4237379,0
4222366434#117672347313,0,0.43226206,0
4070369143#4643808116,0,0.42866355,0
108005767633#97736798616,0,0.42494118,0
1701333915#1434308545,1,0.4202307,0
4295061736#5139738145,0,0.4319137,0
4966778186#2063875873,0,0.4341599,0
2676652265#1711682143,1,0.41816124,0
4623972279#1410206420,0,0.4278969,0
4645874167#5071210858,1,0.41804537,0
1541571286#1927135903,0,0.44415823,0
2055377608#229064296735,0,0.40903708,0
211516818734#2150036453,0,0.41462344,0
4001640647#4787160203,0,0.42657465,0
3927343389#2150036453,0,0.4161443,0
3640787900#1688741198,0,0.41196024,0
2079134592#4081275775,0,0.4340905,0
166895767823#4821187508,0,0.42875558,0
4702376819#4113335248,0,0.4046089,0
4343053909#2118850114,0,0.4109534,0
4108525284#4644858323,0,0.40036255,0
2060575805#1641743465,0,0.42055583,0
4568734964#4447022338,0,0.41324452,0
387778124974#412747360553,1,0.42915148,0
3054434630#96782388307,0,0.4253858,0
3673230409#2111305988,0,0.42225274,0
3609693841#528895744557,0,0.41458672,0
3060181630#1401983042,0,0.42227596,0
4793008419#1401982678,0,0.40704307,0
229064296735#59701070745,0,0.41445848,0
4572590009#4157401170,1,0.42115152,0
4571112607#1578942207,0,0.4290136,0
5053698926#1639155385,0,0.4247366,0
4479612011#1578942207,0,0.43346658,0
1314229142#1437868238,0,0.418905,0
397535266252#5169189544,0,0.4296666,0
1480039773#5196858530,0,0.40275776,0
5155009789#1990355406,0,0.41352272,0
4587233229#3046594621,0,0.4253377,0
4123535150#2257029041,0,0.42019704,0
2016174783#37353468240,0,0.4223707,0
3972924699#4915072924,0,0.43098196,0
4683128695#4683128792,0,0.40968707,0
1608452100#2054734151,0,0.42068672,0
2119398048#3824422542,0,0.40581527,0
96073549554#5183119675,0,0.43401304,0
1437868238#3467124013,0,0.43610275,0
2074788669#1639324664,0,0.42058706,0
3467124013#1487880752,0,0.4209886,0
3927343389#4010669700,1,0.39557993,0
2625020262#2624983051,0,0.40786025,0
2067590020#2067535414,0,0.41462132,0
4913830867#3438816546,0,0.41944757,0
2062207570#5174644144,0,0.41374227,0
2114708220#1472057121,0,0.4309816,0
3490251569#3074302372,0,0.420939,0
4206177622#76471735803,0,0.41367012,0
4746512285#397535266252,0,0.4277391,0
1504469558#3972744892,0,0.42482996,0
4623474983#4636227772,0,0.41450244,0
4595088085#14613470761,0,0.42134723,0
3618222408#4158629441,0,0.42394978,0
1950837411#1810185303,0,0.422251,0
4004760998#2111455453,0,0.4237737,0
2028036690#2676652265,0,0.40374792,0
550633511658#466235290974,0,0.43932283,0
4010669700#133524814102,0,0.41919884,0
5062566737#4702376819,0,0.40819958,0
2060575805#1386808104,0,0.40757135,0
3757477006#4675263432,0,0.4299106,0
85742590406#5059287828,0,0.42205206,0
2055375491#4572590009,0,0.40973178,0
3725874617#5090005176,0,0.4093455,0
41556618165#4402571427,0,0.41687965,0
2074747025#4673250183,0,0.40190732,0
1592254485#2726123301,0,0.42597154,0
142083478286#18466095339,0,0.3995359,0
1751364880#1751364886,0,0.4241099,0
124972559649#5174266018,0,0.41396308,0
3913699707#37353468240,0,0.42750242,0
4298588573#4668248026,0,0.42490456,0
92453078646#160860596936,0,0.40200037,0
1438326380#2085225572,1,0.41427127,0
4606763895#1653994308,0,0.4323219,0
4898642048#1480039773,0,0.41764167,0
2010425525#3072527640,0,0.41984966,0
2058575359#2063875873,1,0.42166847,0
3499050406#335140369784,0,0.42128983,0
5083069896#4673542718,0,0.43339258,0
4476878387#3835133693,0,0.40508932,0
4813716345#4405820651,0,0.42097926,0
4644349436#4606952422,0,0.40726298,0
2044181318#2057099724,0,0.40930688,0
117735755969#3954647267,0,0.4254935,0
4704351814#5053698926,0,0.3968834,0
3507037384#4843658591,0,0.39760348,0
2625020262#1646111781,0,0.41802263,0
4057371579#4358894069,0,0.41716105,0
1636552632#4499163460,0,0.40331993,0
2056507210#2066509476,0,0.43133435,0
3479468876#3602711494,1,0.4180136,0
2079569518#4913830867,1,0.43179327,0
4728102784#1681387366,1,0.40391788,0
1504469558#4293069425,0,0.42441517,0
1741741476#2073958683,0,0.42285994,0
3395535928#4450624363,0,0.41326478,0
5046655373#4113335248,0,0.40234408,0
2168043833#499646724147,0,0.40890127,0
3053522778#1867208609,0,0.43191597,0
444631792208#485901844230,1,0.4178289,0
3279454241#416021357693,0,0.3886895,0
2257029041#1452953298,0,0.4154839,0
2066067032#4679556582,0,0.42673972,0
4636381625#4851856042,0,0.41703662,0
4464671416#5095472183,0,0.42310825,0
1773082332#1791708206,0,0.43393663,0
3938878589#4897654827,0,0.40581536,0
5006573365#2079329848,0,0.41898152,0
52705588270#4838235006,0,0.40903345,0
3949325253#1307862087,0,0.42496318,0
4657264966#1746426028,0,0.4143992,0
1743158949#3845755569,0,0.43435094,0
2061830876#4426912526,0,0.4079567,0
4726063649#3633303372,0,0.40915346,0
3446005398#4833740538,0,0.4307863,0
2114708220#1416629632,0,0.420448,0
1386808104#1372432715,0,0.41678792,0
4202041822#92368429738,0,0.42290822,0
4498422001#23232175462,0,0.42226893,0
4702376819#2452901483,0,0.40808225,0
3303709815#3046594621,0,0.42640442,0
248352373136#2063565387,0,0.4274028,0
4439426144#4728102784,0,0.41866943,0
4676945807#3045715790,0,0.4062891,0
4999204993#4683128574,0,0.41125426,0
201834375600#4206294979,0,0.42347062,0
3279454241#1841861991,0,0.41532055,0
2625020262#3881670110,0,0.4167095,0
1410206420#4343053909,0,0.41174325,0
1639324664#6626538016,0,0.42543226,0
1487880541#1487880547,0,0.40936175,0
2070900453#4668248026,0,0.42502284,0
1314229142#2112404854,0,0.43011275,0
1401983042#2235828707,0,0.41720617,0
1636552632#4883979137,0,0.42655385,0
3467124013#4641375710,0,0.42360836,0
4622655287#3074302372,0,0.42401928,0
4717447481#4746833491,0,0.43275672,0
2056507210#3633114696,0,0.4233988,0
4636515413#4636227772,0,0.41513038,0
2037039871#4579834609,0,0.42871892,0
498980611251#5031406959,0,0.42643487,0
4222366434#3081747589,0,0.4299776,0
4623474983#41556618165,0,0.41031277,0
4285651704#390474724805,0,0.41087642,0
5066791121#3691716746,0,0.42091748,0
2079329848#4622655287,0,0.4245666,0
3403976710#4475471841,0,0.41990086,0
3964017834#4833740538,0,0.41326845,0
1639256138#5053698926,0,0.42968163,0
3993258388#1628142291,1,0.4128784,0
3993258388#4572223100,0,0.41411164,0
4572223100#3490251569,0,0.41265473,0
3404198756#4157483944,0,0.4219992,0
4593095274#3446005398,0,0.4323412,0
162694238096#74498483187,0,0.42226794,0
4717147193#4728183172,0,0.42306104,0
2111683743#76157113368,0,0.4158597,0
4344502942#4439426144,0,0.42054302,0
4355935019#3400949384,0,0.41663498,0
4877557723#4809097722,0,0.4139725,0
4145921553#2110845313,0,0.42234382,0
444631792208#1472057121,0,0.4212428,0
2179966995#138962728028,0,0.42819723,0
3964017834#3831306917,0,0.41846222,0
4726348614#4451212061,0,0.3902726,0
2111455453#3723581561,0,0.42541268,0
3967292640#4900708136,0,0.41275883,0
3467124013#3719861028,0,0.42006084,0
4146071616#2726123301,0,0.41591844,0
1391516565#2057145715,0,0.41876262,0
4455450028#4696038763,0,0.41536048,0
3964017834#1927135903,0,0.43001515,0
422593008639#1728174551,0,0.41490462,0
4728183172#4358894069,0,0.41351247,0
3972924699#3429530265,0,0.4122567,0
1841861991#4004772536,0,0.42640355,0
4344502942#1410206420,0,0.42930198,0
4146071616#385969176673,0,0.41911614,0
86626661064#87820911338,0,0.4225579,0
1802227379#1578942207,0,0.42671514,0
387778124974#2056240035,0,0.42668357,0
1818219339#5095472183,0,0.42512223,0
4343053909#85384061690,0,0.41762373,0
4314776750#3257238638,0,0.41273007,0
97115450346#3831306917,1,0.42578834,0
2123557663#1688741198,0,0.4129136,0
3913845906#485901844230,0,0.41988045,0
3967431645#4639939654,0,0.4238043,0
4476079587#1401983042,0,0.42672282,0
4614462519#3824422542,1,0.4191737,0
3400442486#3983618810,0,0.41514587,0
2118636976#4898642048,0,0.42250106,0
4951787449#5035565089,0,0.43187714,0
2063596827#1841861991,0,0.42052272,0
3235731059#3081747589,0,0.41468278,0
18468424368#3048645894,0,0.4264029,0
3093229304#4572640157,0,0.42287356,0
1805797091#3991545309,0,0.42636138,0
2062207570#2076341379,0,0.4130587,0
4636350698#4091678030,0,0.42724276,0
2054657150#4636381625,0,0.43102822,0
4915591396#17373109457,1,0.42089665,0
3446005398#4959796164,0,0.4342916,0
2058316913#2058475069,0,0.42031676,0
2118343024#4699490403,0,0.42183572,0
4915591396#135661412204,0,0.42654037,0
4301010066#5165641659,0,0.4198985,0
3507037384#3113727219,0,0.40100342,0
4439261964#4455910775,1,0.4173986,0
1437065018#3559141873,1,0.42214018,0
2756868325#3072527640,0,0.42673704,0
3032539281#2198670733,0,0.42708704,0
2068979765#3514514633,0,0.42683327,0
2060201778#3048629567,0,0.4219934,0
4572223100#2112634689,0,0.42584643,0
3060181630#4399131975,0,0.4240227,0
2120472151#1504469558,0,0.43107212,0
2063565387#4272916870,0,0.42298254,0
3690020473#1512751759,0,0.43517593,0
1388962262#72738144006,0,0.42373803,0
3749458600#124972559649,0,0.43065873,0
4476079587#4070369143,0,0.42414317,0
3046594621#2057145715,0,0.42474142,0
4387748183#59701070745,0,0.42400962,0
3044853716#2118850114,0,0.4094382,0
387778124974#4360968366,0,0.41924533,0
3559141878#1502419182,1,0.41427392,0
4683128574#2061712594,0,0.42210165,0
1401982372#2073591147,0,0.4205234,0
3494646727#20439929902,0,0.4139905,0
173221389924#158860974845,1,0.40897477,0
4590034064#3926916973,0,0.4260559,0
4093010754#2138241335,1,0.41679403,0
1995007743#1592254485,0,0.43079177,0
2058316912#2058316913,0,0.41974595,0
2074747025#1418076289,0,0.42864713,0
4951787449#5095472183,0,0.42916593,0
4701577010#5155009789,0,0.4151559,0
4746833491#4572223100,0,0.42069528,0
4451212061#3279626812,0,0.40636906,0
4219305672#3797577433,0,0.41976482,0
1802227379#212932070423,0,0.42423135,0
4676945807#5107794424,0,0.41058293,0
422599152324#325413609982,0,0.4133677,0
1472770701#3816510804,0,0.40759724,0
1810185303#2058575359,0,0.41830578,0
30238763253#4420971485,0,0.42168754,0
3797577168#1743158949,1,0.42509454,0
138962728028#4636381625,1,0.4378397,0
4571231312#4589595405,0,0.41047463,0
86626661064#85742590406,1,0.41488126,0
23450012565#4719266320,0,0.41014695,0
14613525328#207032695430,0,0.42169884,0
2111138171#3055389286,0,0.42818996,0
3576124056#4004772536,0,0.41913676,0
5059493292#4314776750,0,0.4056457,0
4489623613#4272916870,0,0.43259346,0
3044853716#4883979137,0,0.42040417,0
4606763895#3835133693,0,0.4127978,0
4355935020#3949325253,0,0.42875606,0
5154187347#3044853716,0,0.42288956,0
5091621114#173221389924,0,0.41457966,0
5110224221#2057566902,0,0.41621536,0
4095205192#2076341379,0,0.42835432,0
394070493542#387778124974,0,0.4224033,0
3938125853#4279780621,0,0.40766907,0
2624983051#5066791120,0,0.4216781,0
3818902117#3074302372,0,0.42063546,0
3475310737#3494646727,0,0.43248346,0
72738144006#4838235006,0,0.429025,0
3637013838#4717147193,0,0.4028544,0
4893420383#4218561827,0,0.42042333,0
1487880545#3692837048,0,0.42101765,0
4843658591#2063780194,0,0.39634445,0
335230005323#4572590009,0,0.42394015,0
2062207570#4455450028,0,0.41718355,0
38469881084#29401716667,0,0.4122324,0
1541880573#5049710453,0,0.41514426,0
3449953255#4970527567,0,0.42441577,0
3993258388#4437686963,0,0.41128904,0
3214249594#2061712594,0,0.4136846,0
4465895597#4645874167,0,0.4289341,0
4293069425#544241990815,0,0.41402048,0
2071810750#4202041822,0,0.42287332,0
92453078646#109769360804,0,0.41857493,0
4675263432#5090005176,0,0.42526054,0
5074857907#54163685093,0,0.43001905,0
162763009373#4654875230,0,0.4342354,0
4476079587#3772624980,0,0.42858505,0
4623949174#4639939654,0,0.42590788,0
33479876316#2058316912,0,0.4152774,0
2058389382#4405820651,0,0.42843255,0
1644318212#2110845313,0,0.4235329,0
1709874755#4314776750,0,0.42964783,0
1592249119#3937838359,0,0.43347436,0
1592254485#1410206420,0,0.4196417,0
1506416355#1806319252,0,0.42285165,0
1712044201#1752749947,0,0.42236617,0
4667944802#3757477006,1,0.42161298,0
201834375600#4465895597,0,0.41784066,0
2066964990#2062777752,0,0.430387,0
2119398048#4614462519,0,0.419952,0
4526617809#3709672083,0,0.42381698,0
1811606501#4717147193,0,0.42046887,0
3045169703#3881670110,0,0.41618,0
85742590406#3845653710,0,0.39898098,0
180981900487#3967292640,0,0.4177973,0
2074747025#5034412454,0,0.40481088,0
158860974845#117672347313,0,0.42268583,0
4274231792#4157495788,0,0.42648345,0
4549189933#2066067032,0,0.4104496,0
2073951091#108005767633,0,0.43000507,0
1512606886#2060575805,0,0.41793633,0
2066608237#2114283351,0,0.42594245,0
4464761033#4355935019,1,0.4074554,0
4642851315#4571231312,0,0.41161937,0
191526663714#4557840495,0,0.41973755,0
4579834609#2062122607,0,0.42922804,0
4719540762#4897654827,0,0.42599872,0
1990355406#5183982232,0,0.40612411,0
2179966995#3279626812,0,0.40959215,0
3718660092#2058316913,0,0.42598632,0
1472057121#4704351814,0,0.43251792,0
4838235006#4432533603,0,0.41196656,0
4959321230#54163685093,0,0.40766588,0
4264655494#1363201302,0,0.41058758,0
3249351499#1314318421,0,0.42937008,0
372481782919#449687819102,0,0.41377407,0
4373986045#2120091370,0,0.40555927,0
1593907976#1307862087,0,0.42871514,0
3602711494#2058316913,0,0.4220116,0
4636350698#201834375600,0,0.4256916,0
3301628409#1487880547,0,0.41247618,0
2063941871#4295061736,0,0.42306408,0
143443080670#294499666073,0,0.41345686,0
1512564701#2070010942,0,0.42610946,0
4329287476#4636350698,0,0.41793898,0
3060181630#3845755569,0,0.4235375,0
4877557723#2114283351,0,0.4223183,0
4673542718#3831306917,0,0.40566397,0
3026064813#3630377420,0,0.41828755,0
2255999084#4781194041,0,0.42919797,0
1372548918#1497890852,0,0.4048499,0
4113335248#37353468240,0,0.40578103,0
4934929781#5045435844,0,0.3963315,0
10573596223#4015177495,0,0.41504043,0
4572590009#49577430316,0,0.42371094,0
2079329848#2111146548,0,0.41772234,0
4274231792#4589595405,1,0.42181486,0
2138727017#1431837978,0,0.44377023,0
3303709815#2111683743,0,0.42534605,0
4623949174#1751364880,0,0.4155617,0
4549189933#2079329848,0,0.41157916,0
2625020262#4824413800,0,0.41916782,0
4719266320#14275123825,0,0.41737032,0
3892158791#3047893935,0,0.43895155,0
1487880752#1485299250,0,0.4142705,0
4222409905#1500022510,0,0.42742687,0
210832073881#3114734058,0,0.4369564,0
2113209826#5165641659,0,0.41082776,0
4200562007#4214739605,0,0.42650118,0
2056146720#3757755788,0,0.41440517,0
2343156405#1437065018,0,0.41889232,0
4644349436#1810185303,0,0.42248377,0
1372178479#1712044201,0,0.4317926,0
1479262690#5174266018,0,0.42452353,0
4464736913#2114283351,0,0.42774794,0
1927135903#4514268207,0,0.42962992,0
1541571286#3400442486,0,0.43461207,0
1729872694#3576124056,0,0.42178893,0
4636515413#52705588270,1,0.4097802,0
3797571274#4808134153,0,0.43212304,0
5196858530#23450012565,0,0.40426838,0
3659287616#4746833491,0,0.4196236,0
1681387366#3042130107,0,0.4139575,0
3808180428#1639155385,0,0.4332145,0
3692837048#3719861028,0,0.4195716,0
3887327251#1639256138,0,0.42517647,0
3400442486#4057371579,0,0.4174667,0
3749458600#3908809138,0,0.43164805,0
2112634689#2625041725,0,0.42029178,0
4650344731#4836816015,1,0.39632848,0
4726067654#4679556582,0,0.39995626,0
156277193948#4304322882,0,0.41915718,0
466235290974#19200751877,0,0.41624403,0
4722274481#4797037452,1,0.41811997,0
4683128792#4219305672,0,0.42179248,0
4332430854#19200751877,0,0.4149182,0
4004760998#4004772536,1,0.4070369,0
2057099724#3972924699,0,0.4217085,0
2061946625#5174571094,0,0.42900673,0
4464761033#3983618810,0,0.41842884,0
3249295282#2118850114,0,0.40945926,0
4200561878#2107271656,0,0.43181244,0
1751364880#4726067654,0,0.4166334,0
3077591998#4272916870,0,0.42285216,0
3979873043#3093229316,0,0.41865563,0
3419400892#4701577010,0,0.40073764,0
4387748183#2010425525,0,0.41755432,0
1701333923#1701333848,0,0.42741764,0
2055377608#65121698593,0,0.43093747,0
5059493292#1386808104,0,0.40571302,0
2058316913#4644858323,0,0.42709747,0
1307862087#3845653710,0,0.4149898,0
5087832312#3891956877,0,0.42962292,0
169883264664#1665926511,0,0.43399793,0
1512564701#4898642048,0,0.41863847,0
4883979137#2073958683,0,0.4236046,0
2054657150#2079569518,0,0.4300627,0
4535930871#2075941248,0,0.42037204,0
4716933437#2255999084,0,0.44722185,0
4809097722#3995918021,0,0.42424795,0
2055885528#1487880752,0,0.42137605,0
4219781521#2115121510,0,0.43177655,0
1372432715#5066826501,0,0.41214028,0
2061609249#4202041822,0,0.41755635,0
2235828707#4644188896,0,0.43536618,0
1372592368#1479262690,1,0.42226988,0
4974935530#4161797606,0,0.42178884,0
20439929902#3475310737,0,0.41773972,0
1646111778#4464671416,0,0.42637762,0
31657249259#4696502795,0,0.42899978,0
110748797879#4673542718,0,0.4158106,0
5169189544#97245307190,0,0.42006576,0
4687269370#4523681885,1,0.40086606,0
248352373136#18468424368,0,0.42297065,0
3093229304#1811606501,0,0.4185281,0
2111154531#3954861346,0,0.4288391,0
4419563623#4455910772,0,0.41555282,0
3954861346#4218561827,0,0.4217236,0
2079569518#4037072294,0,0.42466778,0
4001640647#1391108904,0,0.432443,0
3630377420#1667389566,0,0.41821575,0
3972924699#2667613191,0,0.413994,0
4205483261#3967292640,1,0.42195082,0
3082148037#1701333915,0,0.4300014,0
3709672083#1854625863,0,0.41487393,0
3938878589#3845755569,0,0.42072427,0
4717447481#4437686963,0,0.42880765,0
3449953255#5083069896,0,0.4294486,0
1995007743#2726123301,0,0.42112753,0
4697481294#4915591396,0,0.4214559,0
5196858530#5174644144,1,0.4192651,0
2118343024#14275123825,0,0.42578825,0
1512564701#2010425525,0,0.41808474,0
1506416355#238810853483,0,0.4210626,0
2625020262#4986514238,0,0.4161583,0
4155453347#3961805889,0,0.43508667,0
4790722269#3991545309,0,0.4235204,0
3419405027#3514682983,0,0.4068493,0
4713775127#3908809138,0,0.41501093,0
3926916973#49577430316,0,0.40198877,0
4010669700#2150036453,0,0.42163998,0
2066625310#3404198756,0,0.41636547,0
2098918003#3640787900,1,0.42184222,0
2107271656#4499163460,0,0.40778473,0
366875256859#1701333915,0,0.43397498,0
2058316912#2058475069,1,0.4208447,0
4161954899#1729872694,0,0.42244282,0
5174562295#1512751759,0,0.43103093,0
4944832122#2079581946,0,0.41957942,0
1646111778#3293868386,0,0.42581448,0
4915072924#2057099724,0,0.42746204,0
2066067032#3046594621,0,0.42435175,0
2054657150#3979873043,0,0.4237781,0
4593095274#2055885528,0,0.41427568,0
1485299250#3301628409,0,0.42490053,0
3026141475#2066964990,0,0.42892617,0
1309241819#3883422036,0,0.43101832,0
97115450346#2138727017,0,0.42161506,0
3954632610#4161954899,0,0.41843683,0
5183982232#4809097722,0,0.41729164,0
135661412204#1512751759,0,0.42574677,0
1438326380#1635602597,0,0.41113153,0
3559141874#4384414279,0,0.42616957,0
2343156405#3559141874,0,0.41554856,0
74498483187#4095205192,0,0.43215615,0
135661505013#18468637596,0,0.4304088,0
2074788669#2075941248,0,0.4007862,0
1391855073#4542039020,0,0.42258188,0
2452901483#3979873043,0,0.4180176,0
4295061736#4210985419,0,0.41877377,0
1498091249#5197763503,0,0.42865428,0
4622655287#2058316913,0,0.42617965,0
3580451461#1961624635,0,0.4343575,0
2066964990#2120851333,1,0.41860312,0
2113209826#4259436644,0,0.422721,0
3438816546#2063714736,0,0.40107575,0
2057145715#3831306917,0,0.4331428,0
5142907913#5206457326,1,0.4157011,0
38844401140#92368429738,0,0.40917945,0
2614264849#3772624980,0,0.42124322,0
3816510804#2726123301,0,0.41910377,0
3926711754#3938125853,0,0.42973563,0
162763009373#175688747293,0,0.42589724,0
3046416439#3702620538,1,0.4134818,0
2117948923#3979873043,0,0.42247885,0
2120851333#2112634689,0,0.42483613,0
5215138753#2132712586,0,0.4091433,0
1805797091#3930414032,1,0.42465308,0
2112404854#2058919336,1,0.42928627,0
4091678030#3202467812,0,0.42067823,0
3633533062#76471735803,0,0.40312305,0
1393978070#2074747025,0,0.43118376,0
4623949171#4897654827,0,0.40995264,0
4717006903#5209073328,0,0.40093234,0
3404198756#2614264849,0,0.42697433,0
4057371579#3673230409,0,0.4132032,0
2059194324#2064580910,1,0.42656747,0
4057371579#4464761033,0,0.3909936,0
18468637596#4572590009,0,0.42327163,0
4557840495#41556618165,0,0.42038023,0
3044853716#203971666705,0,0.41893896,0
4970527567#5026206690,0,0.419845,0
4728183172#2057566902,0,0.42528316,0
2058557454#422592070627,0,0.4322588,0
4161797606#3964333871,0,0.4118941,0
4445134769#2058316913,0,0.41533908,0
4655118040#3831306913,0,0.41368505,0
2058919336#1314318421,0,0.4291782,0
4701256303#5155009789,0,0.4029955,0
1639345669#4622655287,0,0.42249477,0
3860598463#3212722992,0,0.42059395,0
4572223100#4579834609,0,0.43177524,0
2058475069#1741741476,0,0.4246182,0
5006573365#4644858323,0,0.42271808,0
1731076012#4809114345,0,0.4180615,0
4571112607#1752652470,0,0.41649455,0
1541571286#2455879046,0,0.42975637,0
1840606003#2028036690,0,0.4216974,0
4571112607#5035565089,0,0.411208,0
4697566414#4776933232,0,0.43355045,0
2058316913#5006573365,0,0.41615716,0
1497975779#61480810216,1,0.42814547,0
1688741198#3441006989,0,0.4212385,0
3439202323#2118850114,0,0.4278318,0
4697566414#5107794424,0,0.4279693,0
76471735803#1960991500,0,0.4108065,0
4480087497#3926711754,1,0.4183967,0
3044853716#4701577010,0,0.4156196,0
1541880573#2071810750,0,0.41936442,0
4951787449#4959796164,0,0.40309206,0
385969176673#379478720787,0,0.3982427,0
2066964990#3772624980,0,0.42848316,0
4506526792#1479262690,0,0.4183517,0
4285651704#4373986045,0,0.39851332,0
4397755394#1772705112,0,0.42576277,0
4787160203#41204352605,0,0.41354942,0
4416668619#4222366434,0,0.42553395,0
1721524699#1711995496,0,0.4284689,0
4951787449#5183982232,1,0.40524966,0
4719266320#5196858530,0,0.4155523,0
1498091249#4683128792,0,0.4285513,0
2074402075#2054734151,0,0.43275467,0
4091678030#4479612011,0,0.40414748,0
110021560021#23450012565,0,0.40695098,0
4951787449#3032539281,0,0.4186371,0
4196516579#4087558268,0,0.38824648,0
4259436644#1639324664,0,0.433092,0
4464671416#52705588270,0,0.43436566,0
2058389382#142083478286,0,0.41597402,0
4134941234#3797709918,0,0.4145986,0
113940347013#2119398048,0,0.42287746,0
2057566902#5206457326,0,0.42579395,0
3045715790#4697481294,0,0.43285194,0
4157401170#19200751877,0,0.41971752,0
4408923380#201834375600,0,0.40943927,0
3797577433#4541783818,0,0.42360744,0
3026064813#3892158791,0,0.4291208,0
2058557454#5026206690,0,0.42741862,0
4572223100#4717447489,1,0.4193073,0
4809114345#3046594621,0,0.4263755,0
156117172741#2452901483,0,0.42966264,0
4264655494#1369517864,0,0.4343893,0
1712044201#1721524699,0,0.4271302,0
4037072294#4934929781,0,0.43513379,0
4256816954#4304322882,0,0.42908132,0
3301628409#5319073917,0,0.4166456,0
4687269370#4202041822,0,0.42026636,0
3077577348#2063565387,0,0.42130086,0
1990355406#96782388307,0,0.416501,0
3630377420#4720017417,0,0.42207813,0
3045715790#5107794424,0,0.42859754,0
3926867260#2057119390,1,0.41740313,0
92453078646#294499666073,0,0.41693842,0
4037072294#4793008419,0,0.43671575,0
1307862087#4720017417,0,0.433544,0
1316806291#4893654052,0,0.4278787,0
1498091249#4641375710,0,0.42936018,0
507856838174#1731076012,0,0.42670444,0
133524814102#2113209826,0,0.43855464,0
1659804386#3060181630,0,0.43488798,0
4476079587#1639345669,0,0.434824,0
4655118040#4233841850,0,0.4167082,0
2059194324#1728174551,0,0.42974818,0
248352373136#207032695430,0,0.43439862,0
4425549180#3831256267,0,0.40418667,0
4614462519#2120472151,0,0.42592472,0
1386808104#2028036690,0,0.42968124,0
4477152635#135661412204,0,0.4256805,0
5026206690#4279780621,0,0.40415147,0
1500022510#4259436644,0,0.42370367,0
3580451461#4206185741,0,0.42798704,0
3235993266#4781194041,0,0.42325538,0
3401731422#4675263432,0,0.4205864,0
4945184061#5012419871,1,0.4197868,0
1701502009#2138241335,0,0.41873538,0
1927135903#4644188896,0,0.42866996,0
4645874167#4399131975,0,0.42236882,0
3055389286#4970527567,0,0.42510045,0
2007767941#5196858530,0,0.4229495,0
1653994308#20439929902,0,0.4219457,0
4332430854#113940347013,0,0.41671234,0
3920807098#4344502942,0,0.42077246,0
2058557454#133524814102,0,0.4402841,0
4833740538#4523681885,0,0.42211854,0
3937838359#2062985829,0,0.43442625,0
2625041725#2625043549,0,0.40758222,0
3494646727#54163172658,0,0.4161776,0
1314229142#1314318421,0,0.39947742,0
4480087497#2075941248,0,0.4289892,0
187850583866#2190649057,0,0.432469,0
3772624980#3881831374,0,0.4129998,0
244380536377#4542039020,0,0.41895723,0
4176268600#14613470761,0,0.41308275,0
4185378416#2625041725,0,0.40482882,0
3954632610#3395535928,0,0.41017434,0
379478720787#412747360553,0,0.4151821,0
4572590009#4904481611,0,0.4121908,0
4408923380#20439929902,0,0.4092012,0
5045435844#1731512148,0,0.40880185,0
5062566737#4095205192,1,0.40347937,0
444631792208#4505323150,0,0.42868352,0
5195793914#14275123825,0,0.42380074,0
3475310737#2138727017,0,0.43293115,0
3528447762#4713775127,0,0.42344296,0
1512606886#2070010942,1,0.42452115,0
2057145715#3913414434,0,0.42161584,0
1961624635#3618222408,0,0.42294124,0
2079581946#2062777752,0,0.4287641,0
4676945807#3749458600,0,0.4263564,0
1391108904#3047893935,0,0.42991897,0
4697481294#4726348614,1,0.42676592,0
2073958683#1810185303,0,0.42239785,0
2076341379#23188819996,1,0.41302052,0
4966778186#5183982232,0,0.41807288,0
4944832122#4439426144,0,0.4097944,0
59701070745#58909543123,1,0.42977023,0
4285651704#1854625863,0,0.39582977,0
335230005323#4464761033,0,0.4234165,0
248352373136#1639324664,0,0.4252521,0
18468637596#1401982372,0,0.40493676,0
4579834609#4746833491,0,0.42649195,0
70918981766#4635890199,0,0.4246044,0
4787160203#5139738145,0,0.4348867,0
38469881084#1401983042,0,0.41544914,0
108005767633#146503333212,0,0.42695555,0
407321254565#394070493542,0,0.4190037,0
10574444118#1711995496,0,0.41163594,0
72738144006#4450624363,0,0.4201028,0
59701070745#3926711754,0,0.4288885,0
4838235006#1437868238,0,0.40961465,0
2059194324#4304322865,0,0.4315038,0
2079569518#4420971485,0,0.42907465,0
5183940502#1742685067,0,0.42867374,0
3728591592#2111455453,0,0.41382155,0
4776933232#4572640157,1,0.4309753,0
4966778186#3446005398,0,0.4417032,0
1701333848#1701333915,0,0.41799083,0
4475471841#4645874167,0,0.41062194,0
2090772224#2076367337,0,0.41864732,0
110748797879#3831306920,1,0.41624212,0
4355935020#1309258396,0,0.40348607,0
3818902121#4606763895,0,0.41906783,0
248352373136#4639939654,0,0.42763066,0
3954861346#169883264664,0,0.4257682,0
4571231312#4157401170,0,0.41359836,0
3494646727#5045435844,0,0.40400606,0
4206294979#3633303372,0,0.41572157,0
38844401140#3580451461,0,0.41219896,0
1401982372#1401982678,0,0.41625988,0
4298588573#3757477006,0,0.4304008,0
3816510804#2198670733,0,0.41940576,0
54163172658#1410206420,0,0.4197728,0
3831306913#3831306917,0,0.41317177,0
108005767633#135661505013,0,0.4221085,0
2063714736#4966778186,0,0.41788226,0
1627692347#1386808104,0,0.42761332,0
2072277707#2112404854,0,0.43258417,0
4161766533#4424722345,0,0.40842408,0
4358894069#4450624363,0,0.41765177,0
92368429738#1386618246,0,0.42595324,0
3845653710#4776933232,0,0.42847452,0
2073958683#3633533062,0,0.417397,0
1316806291#1578942207,0,0.4241947,0
1772705112#422592070627,0,0.4216637,0
4464761033#3559141873,0,0.42091864,0
2071860396#1371718847,0,0.41345987,0
1391108904#3236071545,0,0.42412442,0
2055375491#4589673799,0,0.42321914,0
4639939654#1751364886,0,0.43523765,0
4145921553#3887359663,0,0.41621143,0
2459935330#2062991492,0,0.43618476,0
142083478286#141222595817,0,0.40766558,0
5196858530#5139738145,0,0.4355291,0
17373109457#86626661064,0,0.42120102,0
4877557723#1472770701,0,0.41977894,0
2614264849#17373109457,0,0.4243408,0
2111146548#113940347013,0,0.4381066,0
1688741198#4701256303,0,0.41779393,0
4673542718#3831306913,0,0.41689456,0
5012419871#1752749947,0,0.42000297,0
54353744279#2058575359,0,0.3886334,0
3887327251#4650344731,0,0.41476056,0
3961805889#4614462519,0,0.4318107,0
2058575359#1500022510,0,0.42093885,0
3881831374#4426912526,1,0.39542067,0
3831306920#4717006903,0,0.42278713,0
385969176673#19200751877,0,0.41050172,0
3257238638#3725874617,0,0.40967053,0
197780879481#197780911762,1,0.41055855,0
4272916870#4037072294,0,0.43258664,0
1726849895#2064580910,0,0.43345523,0
2624983051#2625043549,0,0.40759176,0
3045588874#3507037384,0,0.39818108,0
1731512148#4206332470,0,0.40039888,0
4703570487#42074270076,0,0.40182588,0
5061207560#4279337296,0,0.42154992,0
5194662073#38469881084,0,0.42936903,0
2055886100#1960991500,0,0.41976303,0
1472770701#2055375491,0,0.42216915,0
3937838359#1363286477,0,0.43421167,0
4426912526#4654875230,0,0.4059707,0
4655118040#2073591147,0,0.4178278,0
4673542718#96073549554,1,0.4290189,0
3618222408#3938878589,0,0.4293094,0
4684230132#4668248026,0,0.4371507,0
4145921553#1665926511,0,0.42256057,0
2010425525#3576237737,0,0.41868556,0
422592070627#366875256859,0,0.4214928,0
3967431644#3395535928,0,0.41674396,0
3633303372#3279454241,0,0.38435945,0
1639256138#3808180428,0,0.4234419,0
3702620538#5079079597,0,0.41904554,0
4970527567#5174562295,0,0.42088982,0
2058316913#79824982184,0,0.42091683,0
3927343389#3926867260,0,0.4112812,0
3082154081#1372432715,1,0.41417497,0
4222366434#4465895597,0,0.4276738,0
1487880752#1487880545,0,0.41766495,0
4499163460#4123535150,0,0.39772883,0
3702620538#41556618165,0,0.39771128,0
4614462519#3673230409,0,0.42044124,0
2106691106#4571231312,0,0.40998468,0
3055389286#1731512148,0,0.4283044,0
1418076289#1391108904,0,0.43135634,0
3883422036#4108525284,0,0.41840342,0
142083478286#2455628985,0,0.4139652,0
169883264664#4134047757,0,0.42855456,0
5174266018#117672347313,0,0.40786082,0
5034412454#3690020473,0,0.41728777,0
3576237737#1775497794,0,0.42706892,0
4514268207#4506526792,0,0.43667334,0
4479612011#5006573365,0,0.4038329,0
3580451461#3633303372,1,0.42718014,0
2028036690#1416629632,0,0.42306253,0
20439929902#2119795881,0,0.42106843,0
2107319978#2090772224,1,0.4226065,0
31657249259#4746512285,1,0.42550856,0
3618222408#4099060832,0,0.43287235,0
2079134592#498980611251,0,0.43566042,0
4699490403#4568734964,0,0.4193851,0
1321353963#4893063505,0,0.42754054,0
42074270076#10574444118,0,0.40255436,0
2066625310#2118343045,0,0.42642432,0
4402571427#4222409905,1,0.4169597,0
3514682983#3419406689,0,0.40986648,0
1854625863#2168043833,0,0.4281074,0
4426880471#135661505013,0,0.43179134,0
385969176673#2111154531,1,0.40341628,0
1647227082#2066964990,0,0.419122,0
18468637596#18467925256,0,0.4234361,0
4489623613#4477152635,1,0.4343346,0
30238763253#4420971543,0,0.4204534,0
4158629441#3845755569,0,0.41336343,0
2057566902#4210985419,0,0.41870332,0
160860596936#49577430316,0,0.42052364,0
3449953255#3514514633,1,0.4313733,0
3576124056#4722274481,0,0.42789617,0
4619311949#3301628409,0,0.42534196,0
87820911338#3881670110,0,0.4262575,0
1711995496#3926916973,0,0.4296085,0
3938878589#3797571274,0,0.43902504,0
1451127432#3725874617,0,0.4222328,0
2057119390#3831256267,0,0.4259216,0
3690020473#3042130107,0,0.41707876,0
3249295282#2054781182,0,0.41712075,0
2057145715#2625041725,0,0.4191067,0
4081275775#2110996098,0,0.4129067,0
1541571286#2067183017,1,0.41849884,0
335230005323#212932070423,0,0.43287963,0
4373986045#422593008639,0,0.42420548,0
2115121510#3954861346,1,0.42495397,0
187850583866#1746426028,0,0.4317645,0
4206160273#3046594621,1,0.43026206,0
4644188896#2614264849,1,0.42205632,0
5183122220#5183122889,0,0.41319016,0
2060575805#2118636976,0,0.42621943,0
19200751877#1950837411,0,0.41914746,0
4623474983#4746512285,0,0.42934495,0
4893420383#3920807098,0,0.4262292,0
4614462519#1647227082,0,0.41848794,0
2138241335#2057119390,0,0.4195318,0
4451212061#4513941964,0,0.41791824,0
468609305105#5062566737,0,0.4005489,0
1721524699#1416629632,0,0.42765468,0
485901844230#2059194324,0,0.42871764,0
2110845313#3949325253,0,0.4267477,0
5006573365#4445134769,0,0.40357038,0
4426880471#4966778186,0,0.42930296,0
4206296451#4358894069,1,0.41827393,0
466235290974#3633303372,0,0.43213287,0
1647227082#2111455453,0,0.41808057,0
4057371579#4155453347,0,0.4030051,0
2068979765#2073958683,0,0.43612045,0
1639143131#5079079597,0,0.41388837,0
5194662073#10574444118,0,0.42416856,0
3494646727#4986514238,0,0.4176276,0
160860596936#294499666073,0,0.39941937,0
3044853716#3673230409,0,0.4140394,0
5031406959#1802227379,0,0.3945383,0
1805797094#1772705112,0,0.42597112,0
3559141873#143443080670,0,0.42276505,0
1502507146#4283871990,0,0.42720714,0
4684230132#4843658591,0,0.41546488,0
1765891797#3692837048,0,0.42646858,0
2676652265#3797709918,0,0.42266348,0
3249295282#3044853716,0,0.41026303,0
2057336614#3580451461,0,0.39402422,0
5059493292#4514268207,0,0.41434076,0
3236071545#2054781182,0,0.41835082,0
2058129030#4399131975,0,0.42893934,0
3045588874#1639874909,1,0.42233142,0
3609693841#3757755788,1,0.40893227,0
4703570487#1480039773,1,0.41845113,0
4301010066#3580451461,0,0.4035822,0
1709874755#3077591998,0,0.42503545,0
1578942207#1752749947,0,0.41804084,0
2057145715#1995007743,0,0.41736218,0
3419406689#2176856626,1,0.4192926,0
4619311949#2062207570,0,0.4213755,0
1451281491#4343053909,0,0.42304572,0
3938125853#1802227379,0,0.3995266,0
3831306917#3831306920,0,0.40515772,0
4851856042#2062985829,0,0.40302813,0
4838235692#4274231792,0,0.42826676,0
3559141878#3559141874,0,0.41923222,0
124972559649#4529802917,0,0.4090883,0
4913830867#1688696995,0,0.4282023,0
2115528606#3093229304,0,0.42219073,0
1646206854#4851856042,1,0.42798516,0
5026206690#5165641659,0,0.3977795,0
4157495788#4571231312,0,0.4172677,0
2150036453#2625041725,0,0.42042643,0
4676945807#1391108904,0,0.4108601,0
4833740538#4421080858,0,0.40646687,0
1746426028#176559958604,0,0.42245921,0
1314318421#2062991492,0,0.4214231,0
3235731059#2215543173,0,0.41576493,0
4683128693#4219305672,1,0.42041606,0
4445134769#2079329848,0,0.41068795,0
1592254485#3048629567,0,0.43792665,0
4717447489#3633114696,0,0.42260483,0
449687819102#4095205192,0,0.41385496,0
1328713620#1512564701,0,0.42774788,0
4529802917#158860974845,0,0.4220773,0
4606763895#3212722992,0,0.40581366,0
2066964990#5071210858,0,0.43366736,0
3257238638#4477152635,0,0.414335,0
1328713620#4424722345,0,0.41722348,0
4657264966#191526663714,0,0.42578033,0
41204352605#2070900453,0,0.4305648,0
4015322905#5206080225,0,0.40957654,0
4623474983#4838235006,0,0.4197458,0
4001640647#4283871990,0,0.42757434,0
4657264966#133162664120,0,0.4265295,0
175688747293#3710757111,0,0.4074824,0
1728174551#4402571427,0,0.4349757,0
1593907976#4272900036,0,0.40632078,0
3578770368#2062991492,0,0.3961406,0
499646724147#4408923380,1,0.42237955,0
1388962262#1485299448,0,0.4319921,0
4643808116#1711682143,0,0.4219602,0
1309241819#5183940502,0,0.42474177,0
4628600663#156117172741,0,0.4387373,0
3972744892#3818902121,0,0.42884275,0
3249295282#4697566414,0,0.42254314,0
5174562295#5107794424,0,0.43203926,0
528895744557#3449953255,0,0.42604247,0
4572640157#4606763895,0,0.4013945,0
2073591147#1434308545,0,0.39112374,0
3114734058#2108617570,0,0.4203366,0
4667944802#2119398048,0,0.41800103,0
1701502009#4093010754,0,0.4261908,0
5155009789#4893420383,0,0.40830413,0
4293069425#1742685067,0,0.41425797,0
2066608237#3961805889,0,0.43160877,0
1502419182#4573406193,0,0.42031723,0
4719540762#5194662073,0,0.41774416,0
1438326380#1309258396,0,0.41766027,0
4593095274#4589673799,0,0.42647177,0
3964017834#3831306920,0,0.41719404,0
3576237737#2063875873,0,0.42771506,0
2120472151#2119615174,1,0.42172486,0
4719266320#11970072085,0,0.41988626,0
4447022338#4155453347,0,0.41220307,0
3709672083#1688696995,0,0.42374152,0
4726067654#3913699707,0,0.41912824,0
3559141874#1502419182,0,0.4237014,0
41556618165#4900708136,0,0.41291046,0
1438326380#4650344731,0,0.4186437,0
14613470761#156117172741,0,0.42509675,0
92453078646#2118850114,0,0.43094385,0
4201800596#4152195034,0,0.42685202,0
1374772550#1639324664,0,0.42760852,0
3995754516#3926711754,0,0.42382827,0
2118343114#2118343045,0,0.42542598,0
4145921553#4360968366,0,0.40868703,0
1497890852#4639939654,0,0.43067333,0
5066791120#211516818734,0,0.41250366,0
4720017417#4641375710,1,0.42529178,0
2625020262#2064252516,0,0.41499054,0
4893063505#3760470313,0,0.42535052,0
3439202323#158860974845,0,0.4309325,0
96782388307#108005767633,0,0.41713116,0
5095472183#3032539281,0,0.43126532,0
1472770701#1316806291,0,0.4220586,0
5012419871#4702376819,0,0.4212052,0
4726348614#4233841850,0,0.4110868,0
1731512148#3818902121,0,0.39956942,0
4219305672#2071860396,0,0.42677963,0
5155009789#5209073328,1,0.4091717,0
3808180428#3690020473,1,0.40411142,0
4214739605#4210985419,0,0.41991177,0
2061609249#1372548918,0,0.40598893,0
4442404182#1639874909,0,0.42592174,0
4157735958#76471735803,0,0.42016712,0
5035565089#2055388651,0,0.4185985,0
3439202323#3404246292,0,0.4271314,0
51398636035#86626661064,0,0.40939996,0
4824413800#2625043549,1,0.41703412,0
3997332642#1541571286,0,0.41345146,0
2076367337#4304322882,1,0.42743587,0
1485299448#3404246292,0,0.42220768,0
52705588270#4838235692,0,0.40562344,0
2056054806#4717447491,0,0.42779696,0
3702620538#4123794186,0,0.40086436,0
4206177456#4833740538,0,0.42488754,0
4272916870#4654875230,1,0.40731913,0
4651001595#4479564523,0,0.43262106,0
285571185833#449687819102,0,0.409838,0
2054734151#3047893935,0,0.42716718,0
2111305988#2059208034,1,0.42707193,0
4206160273#3954647267,0,0.42568365,0
180981900487#412747360553,0,0.428881,0
1743158949#4099060832,0,0.4297846,0
2058575359#2016174783,0,0.418645,0
4387748183#4084736429,1,0.4164308,0
2176856626#4099060832,0,0.4200939,0
4655118040#4716933437,0,0.41750926,0
4093010754#30238763253,0,0.41524193,0
1802227379#4040422114,0,0.42008355,0
1372432715#1512564701,0,0.4302569,0
212932070423#2235828707,0,0.4261109,0
4314776750#4926497821,0,0.42104128,0
117672347313#4529802917,0,0.420163,0
5035565089#1742685067,0,0.40827805,0
128510350084#2058575359,0,0.40591374,0
113940347013#2455628985,0,0.40847686,0
4970527567#4651001595,0,0.41263103,0
4623425604#4636255129,0,0.41249472,0
4256816954#2081856411,0,0.39582378,0
23236172957#3926916973,0,0.41662863,0
2215543173#2110996098,0,0.42199743,0
3964017834#2062985829,0,0.41759843,0
3467124013#1502507146,0,0.41177258,0
110021560021#11970072085,0,0.415674,0
85742590406#2067183017,0,0.40778,0
422599152324#92453078646,1,0.4240446,0
4557840495#2150036453,0,0.41977164,0
210832073881#4644349436,1,0.41677266,0
2066964990#2111455453,0,0.43060544,0
1773082332#4185378416,0,0.41101485,0
2066964990#1627692347,0,0.4197191,0
4274231792#2168043833,0,0.41913155,0
4236851222#2056240035,0,0.42054656,0
1543994516#1659804386,0,0.42322665,0
35840895191#3633114696,0,0.4215177,0
4425549180#2114283351,0,0.41444233,0
397535266252#31657249259,0,0.4348784,0
4206177456#1472057121,0,0.42665908,0
86626661064#5079079597,0,0.41762424,0
1487880547#6626538016,0,0.4339947,0
4717447489#1775497794,0,0.41936675,0
2063596827#3048629567,0,0.43323705,0
3046416439#4557840495,0,0.42178416,0
4877557723#1646206854,0,0.41762722,0
4839116720#2063780194,0,0.39586425,0
4304322882#156117172741,0,0.42485523,0
4200561878#4222366434,1,0.41607577,0
2459935330#2058919336,0,0.43404216,0
1927135903#4415632493,0,0.42802772,0
3659287616#2076341379,0,0.4267642,0
4332430854#4934929781,0,0.4164508,0
1760567279#75959618233,0,0.41237485,0
29401716667#10573596223,0,0.40465632,0
2168043833#4838235692,0,0.4222476,0
2058316913#139619394191,0,0.41913727,0
3719861029#3719861028,0,0.4250545,0
2061830876#3449953255,0,0.42675924,0
3937838359#70918981766,0,0.42899513,0
4934929781#20439929902,1,0.4162801,0
1372548918#1363201302,1,0.42767313,0
4843658591#97245307190,0,0.40281218,0
2057119390#4549189933,0,0.4140358,0
229064296735#166895767823,1,0.42086178,0
1772705112#3930414032,0,0.4129566,0
18466095339#2455628985,0,0.4264491,0
70918981766#5122647668,0,0.414115,0
4719540762#3937838359,0,0.42652947,0
2120702109#4447022338,0,0.42472553,0
3060181630#2138727017,0,0.42685065,0
1760567279#4945184061,0,0.40812886,0
3202467812#3400442486,0,0.4172109,0
2057119390#2150036453,0,0.4236526,0
180981900487#407321254565,0,0.43287602,0
1502419182#5034412454,0,0.40684515,0
2111154531#3576124056,0,0.41812503,0
4185378416#1646111778,1,0.41268888,0
416021357693#23188819996,0,0.4243025,0
3979873043#3967431645,0,0.42830455,0
3072527640#1541880573,0,0.41631338,0
4274231792#2057099724,0,0.4272001,0
4915591396#51398636035,0,0.40193555,0
4476878387#3891956879,0,0.42468223,0
54163685093#1316806291,0,0.43174437,0
1485299448#1502507146,0,0.42517403,0
23450012565#3514514633,0,0.42796984,0
3756773168#1480039773,0,0.42083624,0
3081747589#4513941964,0,0.42525294,0
1487880545#1502507146,0,0.42748702,0
3074302372#76157113368,0,0.41387454,0
1639256138#2063780194,0,0.42135674,0
4479612011#3202467812,0,0.42603493,0
1746426028#166895767823,0,0.41656005,0
4314776750#5090005176,0,0.4146054,0
3967292640#1773082332,0,0.40970027,0
4279780621#4259436644,0,0.4204548,0
1743158949#2138727017,0,0.42076138,0
3054151845#152647301573,0,0.41824576,0
5012419871#1760567279,0,0.4130646,0
97736798616#3883422036,0,0.4265837,0
49480466353#1961624635,0,0.40576565,0
2063565387#1593907976,0,0.41972816,0
197780879481#4636515413,0,0.41650286,0
3479468876#385969176673,0,0.42145708,0
4285435367#2056054806,0,0.42113286,0
4447022338#1451281491,0,0.40573612,0
5079079597#85742590406,0,0.41781408,0
3279626812#4123794186,0,0.41029453,0
23236172957#4587233229,0,0.40403792,0
3659287616#5074857907,1,0.43060625,0
5139738145#4489623613,0,0.4343155,0
2063714736#4542039020,0,0.40745375,0
76471735803#2076000953,1,0.42228442,0
4639939654#4480087497,0,0.41258323,0
173221389924#124972559649,0,0.40418133,0
3202467812#4713775127,0,0.41478544,0
468609305105#4095205192,0,0.41004604,0
2152065366#4974935530,0,0.42019704,0
3991545309#4535930871,0,0.43397063,0
3082154081#244380536377,0,0.4158611,0
210832073881#4572640157,0,0.43150774,0
2073591147#5155009789,0,0.40490216,0
4419563623#1369517864,0,0.43954983,0
138961802927#335230007323,0,0.42269596,0
2056054806#3908809138,0,0.42177776,0
75959618233#2114283351,0,0.4215305,0
4161954899#4134941234,0,0.41263407,0
4636227772#4636255129,0,0.42025408,0
2063875873#3441006989,0,0.43560213,0
2070900453#1751367859,1,0.41621828,0
2119398048#397535266252,0,0.4282571,0
4746833491#1391108904,0,0.43363363,0
2061830876#3881670110,0,0.41833296,0
4986514238#2625041725,1,0.41312176,0
109769360804#4969770564,0,0.4227839,0
3235731059#1751367859,0,0.4127564,0
1628142291#2056507210,0,0.42754123,0
422592070627#397535266252,0,0.40576988,0
4535930871#3995754516,0,0.43095374,0
3997332642#3845653710,0,0.39591822,0
2115121510#2115528606,0,0.40737706,0
74498483187#4898642048,0,0.42552495,0
2060201778#2150036453,0,0.4213783,0
2111455453#2120851333,0,0.40653092,0
4684230132#3764168689,0,0.43970245,0
1541880573#2067535414,1,0.4168719,0
1653994308#3835133693,0,0.41016507,0
2064252516#3479468876,0,0.4127276,0
5066791121#2115528606,0,0.41539496,0
4157483944#3725874617,0,0.4217697,0
207032695430#211516813604,0,0.42139322,0
4696038763#23188819996,0,0.41252416,0
3818902121#4701577010,0,0.4119095,0
4145538930#4146071616,0,0.40641484,0
4202041822#5049710453,0,0.4232892,0
5066791120#4959321230,0,0.4182033,0
1363201302#2064580910,0,0.43146956,0
2120702109#4674188079,0,0.42639232,0
166895767823#4657264966,0,0.41879028,0
2061830876#1506416355,0,0.42107177,0
2081856411#3630377995,0,0.4204982,0
2111146548#4432533603,0,0.4242018,0
5006573365#1457252585,0,0.41897097,0
4505323150#1497975779,0,0.42631012,0
2079134592#2079569518,0,0.4305299,0
1646206854#3429530265,0,0.42795035,0
1418076289#3831306920,0,0.43236542,0
2625043549#2062122607,0,0.4274481,0
4970527567#4926497821,0,0.39687258,0
2074747025#3479468876,0,0.40276736,0
70918981766#4673250183,1,0.41626704,0
1653994308#2066625310,0,0.42224726,0
4439261964#2016174783,0,0.42429698,0
4614462519#4893420383,0,0.4029793,0
3709672083#5215138753,0,0.40921915,0
335230007323#14613525328,0,0.42460257,0
54162860059#142083478286,0,0.41098824,0
4571112607#3045588874,0,0.42127877,0
4001640647#1701502009,0,0.43299356,0
4728183172#1760567279,0,0.42003167,0
2198670733#1418076289,0,0.42410114,0
3054434630#18468637596,0,0.41776454,0
2016174783#2068979765,0,0.43112862,0
2074788669#1751364886,1,0.4195967,0
3634100347#4636381625,0,0.41015533,0
2057634508#2066625310,0,0.43257293,0
4966778186#85558863547,0,0.4266008,0
4314776750#2058557454,0,0.4351666,0
2063780194#1639155385,0,0.42871228,0
4513941964#4442404182,0,0.42098498,0
4549189933#2150036453,0,0.40711617,0
4424722345#1711995496,0,0.43265617,0
1592254485#3967292640,0,0.4172463,0
528895744557#1543994516,0,0.43012372,0
4999204993#4219305672,0,0.42824423,0
4084736429#2063565387,0,0.40275666,0
4970527567#498980611251,1,0.42507648,0
3279626812#110021560021,0,0.41871712,0
1802227379#3913414434,0,0.41999882,0
2076341379#4696038763,0,0.41689736,0
4426880471#3797709918,0,0.42069542,0
4415632493#4514268207,0,0.42673287,0
4809114345#192039556109,1,0.396256,0
2073951091#4062293592,0,0.41759902,0
3210538090#4480087497,0,0.41788647,0
4405820651#4746512285,0,0.42615458,0
1386618246#1472770701,0,0.40458623,0
3279626812#4264655494,0,0.4170047,0
3831256267#2190649057,0,0.4234599,0
4542039020#5174571094,0,0.42304298,0
492315626953#4687269370,0,0.42581767,0
4505323150#3081747589,0,0.41096738,0
4465948199#2057336614,0,0.42285174,0
2070010942#1848740243,0,0.41043383,0
4579834609#4717447489,0,0.42372045,0
3074302372#3972924699,0,0.42268804,0
4696502795#1636552632,0,0.42943552,0
135661505013#3891956879,0,0.41913345,0
4999204993#97736798616,0,0.42299962,0
2120472151#3053522778,0,0.42870322,0
2057099724#1711995496,0,0.43435863,0
1314229142#2058919336,0,0.4323259,0
3937838359#3404246292,0,0.43182468,0
2066509476#156117172741,0,0.42323273,0
5059493292#5061207560,0,0.3997969,0
4492809342#4421080858,0,0.40546474,0
2028036690#1391516565,1,0.39047852,0
5091621114#49480466353,0,0.4063684,0
4514268207#3808180428,0,0.42989078,0
3559141874#2085225572,0,0.4300491,0
14275123825#4464671416,0,0.41688174,0
4595088085#4161954899,0,0.42749742,0
2059500447#1711995496,0,0.41996655,0
4542039020#23232175462,0,0.41069847,0
4719540762#4343053909,0,0.41069448,0
4475471841#1639345669,0,0.41846576,0
4934929781#3494646727,0,0.42575383,0
3235993266#1316806291,1,0.41599488,0
2060575805#492315626953,0,0.4318322,0
3913699707#4572590009,0,0.42749172,0
5183122220#3301628409,0,0.41608375,0
1760567279#5169189544,0,0.40997183,0
4161766533#4015177495,1,0.4078062,0
2066964990#3214249594,0,0.42463455,0
2066964990#4489623613,0,0.42843577,0
1512606886#4704351850,0,0.42212337,0
2090772224#4499163460,0,0.42079118,0
4843658591#4420971485,1,0.40190804,0
2016174783#1867208609,0,0.42543644,0
4696502795#4883979137,0,0.43065417,0
2726123301#3054151845,1,0.41822472,0
4285651704#4384414279,0,0.4134879,0
4623474983#4623425604,0,0.40641513,0
3756476323#2152065366,0,0.42885998,0
5046655373#54162860059,0,0.39364195,0
23232175462#3475253393,0,0.42579415,0
5066791121#3048629567,0,0.4214973,0
113940347013#4823759244,0,0.41544792,0
1639859238#4450624363,0,0.4331262,0
2071860396#3429530265,1,0.413792,0
4728183172#2056507210,0,0.4230348,0
5059493292#203971666705,0,0.409412,0
1772705112#5174562295,0,0.42391744,0
1995007743#3054151845,0,0.43120167,0
2624983051#4155453347,0,0.3962491,0
5107794424#135661412204,0,0.42443004,0
4813716345#2459935330,0,0.43203595,0
1396458706#4157401170,0,0.40773448,0
2010425525#4593095274,0,0.40860257,0
2079329848#139619394191,0,0.41549936,0
4285435367#4541783818,0,0.42608622,0
4650344731#4974935530,0,0.42588943,0
5209073328#4465948199,0,0.42289844,0
3979873043#2066509476,0,0.42841434,0
4206294979#2118343045,0,0.42683855,0
4447022338#4108525284,0,0.410194,0
5194662073#5066826501,0,0.43084246,0
4473639064#4642851315,1,0.4230567,0
4219781521#4568734964,0,0.4282956,0
1512751759#4676945807,0,0.43048888,0
3891995517#3891956879,0,0.42133614,0
2343156405#3559141873,0,0.41531977,0
1543994516#1593907976,1,0.41085738,0
1451281491#207032695430,0,0.42563584,0
2010425525#2756868325,0,0.4193135,0
171824357717#92453078646,0,0.41669956,0
3559141874#4004772536,0,0.4244101,0
2118674361#4549189933,1,0.4114853,0
1764005595#1772705112,1,0.4334674,0
4161766533#1386808104,0,0.40983254,0
4587233229#97736798616,0,0.39965612,0
1434308545#1374772550,0,0.41349885,0
17373109457#3609693841,0,0.43068242,0
4439261964#1867208609,0,0.41405052,0
4200561878#3818902117,0,0.42184907,0
3055389286#2455628985,0,0.42638832,0
2115528606#1592254485,0,0.42446235,0
3475253393#1701333848,0,0.42861357,0
2060201792#1635602597,0,0.40829897,0
4683128695#4683128693,0,0.42114544,0
3044853716#2061712594,0,0.41288805,0
3949325253#3718660092,0,0.42678434,0
3559141878#3995754516,0,0.42828482,0
4344502942#4720390456,0,0.4038977,0
4200561878#4499163460,0,0.42223012,0
5197763503#3709672083,0,0.42093948,0
14613525328#1371718847,0,0.4015315,0
2110845313#1472770701,0,0.42961836,0
4254950922#4200562007,0,0.41872767,0
2329115926#4589673799,0,0.42031744,0
2071860396#4717006903,0,0.4043127,0
143443080670#152647301573,0,0.40888503,0
1867208609#1369517864,0,0.43035582,0
4809097722#1639859238,0,0.41829568,0
4397754007#2037039871,0,0.42885035,0
3404246292#3719861028,0,0.42457217,0
3673230409#51398636035,0,0.3984041,0
1592249119#2726123301,0,0.42337593,0
507856838174#550633511658,0,0.43758762,0
76157113368#366875256859,0,0.42167208,0
2118343024#4420971485,0,0.4239697,0
4343053909#135661505013,1,0.42047042,0
5155009789#1363286477,0,0.42334878,0
2054734151#2057145715,0,0.41849002,0
4589673799#1437868238,0,0.41782352,0
1363286477#18466202308,0,0.43130556,0
3954647267#2255999084,0,0.4432428,0
2063941871#4623949174,0,0.4284496,0
2115528606#1751367859,0,0.40741107,0
3995754516#3967431645,1,0.42776027,0
2057634508#2329115926,0,0.4234595,0
2066964990#2108617570,0,0.43026662,0
2074747025#1431837978,0,0.41435564,0
18466202308#4444196403,0,0.42229122,0
3528447762#4499163460,0,0.4199922,0
3528447762#3972744892,0,0.4342571,0
4572640157#3403976710,0,0.42907652,0
4415632493#3514514633,0,0.42550066,0
1646206854#3937838359,0,0.43505082,0
5035565089#4206332470,0,0.4140713,0
4969770564#5194662073,0,0.43091044,0
5049710453#3499050406,0,0.42191207,0
4623949174#1961624635,0,0.4240509,0
4568734964#2074402075,0,0.41451505,0
3235731059#4505323150,0,0.4194305,0
4667944802#4432340906,0,0.4180745,0
2624983051#1752652470,1,0.4151508,0
4999242335#4541783818,0,0.41590774,0
2118343114#2118343024,0,0.41817227,0
5026206690#498980611251,0,0.4280541,0
4480087497#1751364880,1,0.42897278,0
3429530265#3047893935,0,0.4382642,0
4675263432#4498422001,0,0.4327621,0
3710757111#2459935330,0,0.4325842,0
10574444118#3419405027,0,0.40168035,0
2055375491#4589595405,0,0.40989205,0
1372548918#4657604028,0,0.40587765,0
3580451461#3279454241,0,0.40394375,0
4657604028#4473639064,0,0.42091838,0
1437065018#1438326380,0,0.41094363,0
4535930871#2063596827,0,0.43365043,0
23232175462#1765891797,0,0.425311,0
2067590020#4492809342,0,0.42718926,0
4161766533#1950837411,0,0.4141625,0
1388962262#1646206854,0,0.4324265,0
4716933437#3053522778,0,0.40586287,0
3951836421#2044181318,0,0.40639928,0
229064296735#4157735958,0,0.42232147,0
3404198756#1688741198,0,0.42010102,0
5083069896#72738144006,0,0.4376769,0
4298588573#4614462519,0,0.42607248,0
4701256303#4233841850,0,0.42387024,0
4900708136#4134047757,0,0.42200673,0
1401983042#3881670110,0,0.40830287,0
1775497794#1818219339,1,0.41505614,0
3961805889#1512606886,0,0.43458945,0
2112634689#3954632610,0,0.41875005,0
2676652265#124972559649,0,0.42705864,0
156117172741#4419563623,0,0.43774897,0
4704351850#1328713620,0,0.4238195,0
2079569518#2063565387,0,0.4319101,0
4974935530#4219781521,1,0.41247568,0
4219305672#4999242335,0,0.41863418,0
4455450028#4619311949,0,0.40861616,0
1371718847#422599152324,0,0.4205291,0
1773082332#1927135903,0,0.43506908,0
4506526792#3249295282,0,0.42027152,0
18466202308#3937838359,0,0.43663508,0
23236172957#4720390456,0,0.41402256,0
4432533603#52705588270,0,0.41877782,0
4717447481#4285651704,0,0.42658406,0
2624983051#2625041725,0,0.40728953,0
3113727219#4513941964,0,0.4246604,0
1502507146#3609693841,0,0.4119576,0
1915755042#3938878589,0,0.4322207,0
1543994516#4447022338,0,0.4130278,0
4897654827#4214739605,0,0.42684293,0
3756476323#3441006989,0,0.4411028,0
394070493542#440789276692,0,0.4317893,0
2045415682#1728174551,0,0.4248938,0
3883422036#4161954899,1,0.41966143,0
4839116720#4793008419,0,0.42641768,0
191526663714#1746426028,0,0.4176983,0
2067590020#3077577348,0,0.4173884,0
162694238096#372481782919,0,0.41694683,0
244380536377#4915591396,0,0.41249305,0
3749458600#1431837978,0,0.42614883,0
138961802927#4809114345,0,0.41594315,0
1409311663#2452901483,0,0.41390428,0
2063780194#1401982372,0,0.41650194,0
1578942207#5018444082,0,0.4274038,0
4612398845#4619311949,1,0.41809836,0
3961805889#3441006989,0,0.4384042,0
5091621114#4317023855,0,0.4086141,0
2058389382#2115121510,0,0.42755175,0
4643808116#4713775127,1,0.40615252,0
5165641659#2058557454,0,0.4216399,0
3046416439#175688747293,0,0.39125693,0
1810185303#1416629632,0,0.42774266,0
4587233229#4495282808,1,0.41080227,0
4279337296#3997332642,0,0.4208147,0
3576237737#2058575359,0,0.4186362,0
485901844230#422593008639,0,0.4295781,0
4293069425#156556736201,0,0.41755158,0
4210985419#5174571094,0,0.42970404,0
74498483187#372481782919,0,0.42329624,0
4479564523#4455910772,1,0.43335965,0
1487880547#1502507146,0,0.42877063,0
4728183172#390474724805,0,0.4203194,0
2070900453#3077577348,0,0.4198596,0
1711682143#3949325253,0,0.42268223,0
11970072085#23450012565,0,0.42073148,0
4590034064#1497890852,0,0.4159917,0
4966778186#1593907976,0,0.4293285,0
1805797091#1636552632,0,0.4226714,0
4432340906#3114734058,0,0.40007713,0
4325771526#2062991492,0,0.41112918,0
4158629441#1743158949,0,0.4169783,0
1497975779#4489623613,0,0.4254387,0
1635602597#1437065018,0,0.41192314,0
440789276692#387778124974,0,0.4123184,0
1806319252#1840606003,1,0.42071292,0
1457252585#3891956879,0,0.42251983,0
1764005595#2111146548,0,0.43389305,0
49480466353#1321353963,0,0.41910627,0
2138727017#238810853483,0,0.43589783,0
2176856626#1314318421,0,0.4279501,0
1772710082#1752749947,0,0.42186928,0
141222615628#142083478286,0,0.41149464,0
3249351499#5046655373,0,0.42350218,0
1802227379#5062566737,0,0.42384148,0
4176268600#2117948923,1,0.42866483,0
4441056785#325413609982,0,0.41346705,0
175688747293#4320035753,0,0.41458768,0
212932070423#211516818734,0,0.4164508,0
135661412204#1751364880,0,0.41919908,0
146503333212#4966778186,0,0.42911124,0
4720017417#3824422542,0,0.40090856,0
4571231312#4441056785,0,0.4178851,0
2062991492#160860596936,0,0.41159347,0
2056226500#2106691106,0,0.4258785,0
2055448044#4843658591,0,0.4285833,0
3673230409#4915591396,0,0.3969943,0
3419400892#3419406689,0,0.41347206,0
2060201792#79824982184,0,0.4134139,0
4439261964#4568734964,0,0.42851683,0
4623949174#5183122889,1,0.4165322,0
2057290397#3967292640,0,0.40979382,0
2066509476#1811606501,0,0.4207118,0
4185378416#2625020262,0,0.40574867,0
3499050406#74498483187,0,0.42125687,0
3494646727#4888451505,0,0.41512057,0
1772705112#1681387366,0,0.4133691,0
4943160331#85742590406,0,0.4214056,0
1752652470#4824413800,0,0.39278942,0
1369517864#3401731422,0,0.41169834,0
3630377995#3719861029,1,0.42542124,0
3949325253#4536383286,0,0.40547037,0
2257029041#507856838174,0,0.43076372,0
4513941964#4635890199,0,0.42780307,0
5195793914#5196858530,0,0.41539073,0
1415604956#2118343114,0,0.4269212,0
4797037452#4776933232,0,0.4206289,0
4683128693#4541783818,0,0.4201756,0
2054734151#1479262690,0,0.41278365,0
3528447762#3818902121,0,0.4258304,0
2114283351#3718660092,0,0.40678245,0
141222615628#160860596936,0,0.4089287,0
4424722345#10574444118,0,0.40491793,0
5169189544#5012419871,0,0.41529295,0
3446005398#3633114696,0,0.4228493,0
70918981766#4514268207,0,0.42623705,0
1701502009#5209073328,0,0.41500178,0
1418076289#2060201778,0,0.4349298,0
3881831374#212932070423,0,0.39940488,0
1978617477#4667944802,0,0.42164448,0
4619311949#23188819996,0,0.41793254,0
5124325410#4529802917,0,0.41241348,0
5026206690#133524814102,0,0.42931563,0
1487880545#4722274481,0,0.41333428,0
1802227379#4279780621,0,0.41783503,0
110748797879#65121698593,0,0.41704983,0
1497975779#3235731059,0,0.42366463,0
4877557723#4679556582,0,0.41462117,0
3913845906#2106691106,0,0.41100606,0
85384061690#18468424368,0,0.42789382,0
2085225572#3559141873,0,0.41344997,0
2071860396#2667613191,0,0.4150016,0
1391108904#3438816546,0,0.4288006,0
1653994308#1805797091,0,0.42212465,0
4473639064#4157495788,0,0.4262678,0
1728174551#1472057121,0,0.4346545,0
3995754516#1512564701,0,0.4302657,0
407321254565#385969176673,0,0.4247304,0
1363201302#4158629441,0,0.42161852,0
379478720787#180981900487,1,0.42382002,0
74413943621#1681387366,0,0.4023647,0
3954861346#4650344731,0,0.42041057,0
5074857907#3967431644,0,0.42140397,0
1721524699#3279626812,0,0.4182235,0
110021560021#3559141874,0,0.41977933,0
5071210858#5035565089,0,0.42092392,0
4557840495#61480810216,0,0.42232868,0
4645874167#4293069425,0,0.41647083,0
4210985419#5012419871,0,0.407925,0
2010425525#2081856411,0,0.41497982,0
1372592368#1578942207,0,0.42983922,0
51398636035#42074270076,0,0.42265213,0
4293069425#5035565089,0,0.41441652,0
4152195034#4015177495,0,0.41088277,0
4205483261#76157113368,0,0.39791295,0
3212722992#1639345669,0,0.41318694,0
4475471841#4325771526,0,0.41516092,0
1401982699#4325771526,0,0.41060904,0
1854625863#2132712586,1,0.4267633,0
2058316912#139619394191,0,0.41932464,0
92368429738#4897654827,0,0.424589,0
4728102784#3979873043,0,0.42808244,0
4329287476#1578942207,0,0.42283452,0
1487880547#2016174783,0,0.42687622,0
85742590406#2059500447,0,0.43150675,0
1791708206#1805797094,1,0.42815232,0
191526663714#1372548918,0,0.4159081,0
4402571427#4655118040,0,0.4258619,0
2176856626#4639939654,0,0.42327663,0
1731512148#4900708136,0,0.42304873,0
2058316913#5074857907,0,0.4321695,0
2118674361#3927343389,0,0.41830024,0
49480466353#124972559649,1,0.40462443,0
4145921553#4274434869,0,0.40782633,0
3602711494#3093229316,0,0.41620827,0
1504469558#248352373136,0,0.42341685,0
335230007323#4040422114,0,0.43271044,0
4813716345#2061946625,1,0.41020724,0
3439202323#325413609982,0,0.43085656,0
4279780621#4571112607,1,0.4076693,0
4900708136#3757755788,0,0.41768107,0
109769360804#143443080670,0,0.40877253,0
3202467812#4355935020,0,0.40783873,0
4146071616#5066826501,0,0.41568843,0
4959796164#192039556109,0,0.4002275,0
3728591592#160860596936,0,0.4073193,0
4728102784#3690020473,0,0.4260087,0
3728591592#2110996098,1,0.41378352,0
2168043833#3764168689,0,0.4288225,0
1810185303#35840895191,0,0.41606513,0
3602711494#1848740243,0,0.42246893,0
1760567279#2064580910,0,0.43278122,0
3831256267#86626661064,0,0.41978702,0
1371718847#1434308545,0,0.4137284,0
4571231312#4473639064,0,0.42845204,0
4051773503#4790722269,0,0.41539106,0
4959796164#5095472183,0,0.41744497,0
4572590009#1479262690,0,0.42202872,0
4081275775#61480810216,0,0.41045657,0
1497975779#2215543173,0,0.42140102,0
5062566737#3710757111,0,0.411855,0
5195793914#11970072085,1,0.41027066,0
3578770368#1314229142,1,0.4198284,0
4944832122#2073951091,0,0.41557336,0
4966778186#4397755394,0,0.4272629,0
10574444118#1312624571,0,0.42239612,0
4893063505#3060181630,0,0.43104807,0
1803263230#138961802927,0,0.42871636,0
4480087497#1639874909,0,0.4276876,0
5183119675#492315626953,0,0.4260409,0
5196858530#11970072085,0,0.42484078,0
3995918021#4717006903,0,0.42552093,0
4206294979#133524814102,0,0.4276423,0
248352373136#6626538016,0,0.41347587,0
1409311663#1502507146,0,0.4297722,0
3114734058#3124123344,0,0.4211197,0
3048645894#2061712594,0,0.40685382,0
4095205192#4373986045,0,0.41089866,0
4113335248#1751364880,0,0.41945568,0
3930414032#1653994308,0,0.41351038,0
1309258396#3400949384,0,0.41586232,0
156277193948#2296560316,0,0.41714245,0
4717006903#1751367859,0,0.40805507,0
3995918021#4010669700,0,0.41716057,0
3723581561#3576124056,1,0.4182039,0
173221389924#4441056785,0,0.41039947,0
3938878589#3797577168,0,0.4264775,0
4161954899#1711682143,0,0.4236439,0
3967431644#1391516565,0,0.42317504,0
5091621114#4529802917,0,0.4096321,0
2028036690#4001640647,0,0.41747072,0
4222366434#162694238096,0,0.424199,0
3026064813#1667389566,0,0.41857466,0
1321353963#1961624635,0,0.42430705,0
3927343389#5083069896,0,0.4207978,0
2062991492#2118636976,0,0.41833305,0
4397754007#1640320664,0,0.43150052,0
4986514238#2625043549,0,0.41247326,0
5206080225#1500022510,0,0.43240112,0
4506526792#3845653710,0,0.4258618,0
4285651704#3093229304,0,0.39380616,0
2066509476#2452901483,0,0.4180614,0
1701333915#3475253393,0,0.42272028,0
1709874755#2063565387,0,0.42325717,0
1485299250#1502507146,0,0.4185632,0
3983618810#4355935019,0,0.40725878,0
5183122220#5183119675,0,0.41953292,0
156277193948#1434308545,0,0.42333135,0
2074402075#4348212443,0,0.42869022,0
3938125853#4651001595,0,0.40660468,0
2066608237#2063875873,0,0.42578608,0
3576124056#4134941234,0,0.4177326,0
4476878387#3860598463,0,0.42154667,0
4683128695#4999242335,1,0.4034219,0
4636515413#1950837411,0,0.41454494,0
4572590009#1437065018,0,0.4155086,0
4787160203#4444196403,0,0.4144011,0
3257238638#5174266018,0,0.41209605,0
5061207560#4719540762,0,0.42314142,0
3046594621#4202041822,0,0.42725635,0
5183982232#4959796164,0,0.4008885,0
5142907913#5066791121,0,0.42210153,0
1480039773#14275123825,0,0.401356,0
4622655287#2058316912,0,0.42607948,0
5139738145#1639324664,0,0.42793983,0
4290984960#5215138753,0,0.4123492,0
87820911338#3490251569,1,0.41947535,0
2067590020#4943160331,0,0.4012361,0
3964017834#97115450346,0,0.4204262,0
3757477006#4498422001,0,0.41841775,0
3881831374#2190649057,0,0.4257517,0
2070900453#2063565387,0,0.41933954,0
2118343114#2108617570,0,0.4166558,0
4272900036#1709874755,0,0.41833413,0
5183119675#2063941871,1,0.43477285,0
385969176673#1978617477,0,0.41554984,0
449687819102#2057336614,0,0.40150905,0
3891956877#1451281491,1,0.43076172,0
4590034064#1711995496,0,0.43274173,0
3048645894#3044853716,0,0.41020748,0
211516818734#4439261964,0,0.41232148,0
4526617809#2132712586,0,0.42096445,0
379478720787#2117931003,0,0.41543543,0
1423045778#4465895597,0,0.4266651,0
5319073917#4851625903,0,0.4159824,0
171824357717#156556736201,0,0.4198563,0
4274434869#3401731422,0,0.4197502,0
2107271656#3818902121,0,0.41266736,0
4877557723#4851625903,1,0.42596635,0
4445134769#3210538090,0,0.41962644,0
3429530265#3995918021,0,0.4059251,0
1665926511#2110845313,0,0.43138877,0
422592070627#4062293592,0,0.4212712,0
4360968366#4455910772,0,0.4198066,0
1838279516#3210538090,1,0.4290255,0
85742590406#17373109457,0,0.4278767,0
4943160331#3438816546,0,0.42035633,0
4606952422#4651001595,0,0.4248183,0
2113209826#422592070627,0,0.41032603,0
4205483261#2057290397,0,0.40943432,0
4622655287#4720017417,0,0.4279702,0
31657249259#2073958683,0,0.43200913,0
4568734964#1451281491,0,0.42287284,0
2072277707#74413943621,0,0.4220671,0
3404198756#2057634508,0,0.43316454,0
2179966995#4290984960,0,0.4206812,0
1927135903#1391855073,0,0.42873257,0
2067535414#72738144006,0,0.40971684,0
5035565089#3212722992,0,0.4140692,0
4426912526#2255999084,0,0.42519414,0
5026206690#4051773503,0,0.41676068,0
97736798616#4495282808,0,0.4117084,0
4001640647#4290984960,0,0.43108347,0
4445134769#4384414279,0,0.40948123,0
4696502795#2113209826,0,0.4333313,0
169883264664#162763009373,1,0.4312454,0
2452901483#2054657150,0,0.42963254,0
4004772536#1760567279,0,0.40590516,0
4926497821#5045435844,0,0.40895855,0
498980611251#1752652470,0,0.4219934,0
4152195034#4161766533,0,0.39765102,0
2112634689#3395535928,0,0.42303658,0
335230005323#2190649057,0,0.43271834,0
2111138171#1688741198,0,0.41997555,0
3419405027#3419400892,0,0.40877724,0
1401982372#2235828707,0,0.41941148,0
4185378416#4202041822,0,0.41800493,0
4426880471#2198670733,0,0.4173739,0
4161954899#4070369143,0,0.42244452,0
4623972279#4475471841,0,0.42997837,0
4674166292#4969770563,0,0.43086174,0
4969770564#3032539281,0,0.4305988,0
3279626812#4152195034,0,0.4147966,0
3559141873#1391855073,0,0.41604695,0
97245307190#4717147193,0,0.42418393,0
3048629567#4455450028,1,0.42359984,0
3926867260#4062293592,0,0.4054651,0
4851856042#4557840495,0,0.4151019,0
1401982372#1401983042,0,0.4156267,0
4959796164#4966778186,0,0.42699128,0
1701333923#3475253393,0,0.42007434,0
1480039773#1741741476,0,0.40265128,0
3630377995#3026064813,0,0.41938236,0
3044853716#1746426028,0,0.4130834,0
3756773168#2055388911,0,0.42014664,0
96073549554#5083069896,0,0.4374318,0
4397754007#4416668619,0,0.4263866,0
4455450028#4145538930,0,0.41494587,0
117735755969#87820911338,0,0.4238167,0
2079134592#2070915408,0,0.41973922,0
1371718847#2079581946,0,0.42380524,0
1731076012#3633303372,0,0.431152,0
2070908678#4639939654,0,0.42616695,0
1487880547#1485299250,0,0.4281919,0
3993258388#4808134153,0,0.42165518,0
1772705112#4320035753,0,0.41871855,0
2085225572#3887327251,0,0.40720215,0
1775497794#1772705112,0,0.42906764,0
4839116720#4717006903,0,0.40473306,0
19200751877#1409311663,0,0.40301722,0
10574444118#41204352605,0,0.4192978,0
4571112607#1802227379,0,0.4122151,0
4373986045#1314318421,0,0.42345366,0
38844401140#18466095339,1,0.41843072,0
3609693841#1401983042,0,0.41346893,0
14613470761#4279780621,0,0.40708336,0
203971666705#5061207560,0,0.40453035,0
138962728028#3093229304,0,0.43662062,0
4717447489#4717447481,0,0.42705035,0
2066625310#1688741198,0,0.42191342,0
4959321230#5018444082,0,0.4097945,0
4636515413#4623474983,0,0.40808862,0
2257029041#4506526792,0,0.42958426,0
4200562007#5215138753,0,0.4214407,0
2168043833#1396458706,1,0.3967879,0
3419400892#3236071545,0,0.4148292,0
1995007743#3429530265,0,0.42142218,0
4713775127#285571185833,0,0.4219,0
4206177622#4236851222,1,0.4241928,0
110748797879#4285651704,0,0.42121604,0
4572640157#1487880752,0,0.3984589,0
3475253393#4657604028,0,0.43249387,0
3930414032#1764005595,0,0.42270762,0
2076000953#3404246292,0,0.4249216,0
2016174783#4419563623,0,0.41377616,0
1369517864#2074747025,0,0.42749766,0
2067535414#3797709918,0,0.41099885,0
3559141873#4384414279,0,0.4262533,0
3202467812#4746833491,0,0.41684663,0
3467124013#1485299448,0,0.42011586,0
444631792208#1728174551,0,0.41905624,0
23188819996#3048629567,0,0.42911065,0
2118850114#4506526792,0,0.4187741,0
156556736201#4959321230,0,0.4249083,0
96073549554#3964017834,0,0.4299475,0
2057145715#3032539281,0,0.4371746,0
3937838359#4851856042,0,0.42797342,0
2010425525#4645874167,0,0.4273453,0
1472057121#485901844230,0,0.4257379,0
2198670733#4679556582,0,0.4102016,0
4675263432#4823759244,0,0.41415128,0
4579834609#4657264966,0,0.41938564,0
4974935530#1728174551,0,0.41288868,0
4717147193#1372432715,0,0.42454454,0
3303709815#2073951091,0,0.41481212,0
4643808116#1729872694,0,0.41618845,0
23236172957#3046594621,0,0.42456532,0
1640320664#4397755394,0,0.43158796,0
2056240035#3081747589,0,0.4080968,0
1726849895#3419406689,0,0.42413402,0
3930414032#96073549554,0,0.41588923,0
3074302372#1592249119,0,0.41164353,0
4526617809#4285651704,0,0.4221966,0
229064296735#133162664120,0,0.42397434,0
4667944802#4614462519,0,0.42386857,0
4134047757#2098918003,0,0.43244126,0
2060201792#3048629567,0,0.4340802,0
1593907976#5095472183,0,0.42811117,0
38469881084#4969770564,0,0.4255776,0
3045588874#5053698926,0,0.39215782,0
2074747025#4290984960,0,0.43035915,0
1401982699#1401982678,0,0.4176981,0
42074270076#4969770563,0,0.42818508,0
4384414279#4145538930,1,0.4090846,0
4699490403#5169189544,0,0.41882375,0
4015322905#4387192350,0,0.4100208,0
1636552632#3441006989,0,0.42767915,0
3395535928#3514682983,0,0.41221628,0
1764005595#3892158791,0,0.4308548,0
4004772536#3279626812,0,0.38613078,0
4344502942#3964333871,0,0.41755322,0
387778124974#1681387366,0,0.42878607,0
4717447491#4717447489,0,0.4251221,0
4426912526#1314229142,0,0.3923141,0
2079569518#1593907976,0,0.43620023,0
11970072085#3824422542,0,0.42660272,0
1452953298#85384061690,0,0.4309865,0
4274434869#4202041822,0,0.41759527,0
4726348614#3920807098,0,0.4155245,0
4399131975#162694238096,0,0.42167273,0
2079581946#3637013838,0,0.41773996,0
5196858530#4623949174,0,0.43112567,0
4464671416#2007767941,0,0.4244836,0
4513941964#4397754007,0,0.42296082,0
4206294979#1775497794,0,0.4253544,0
139619394191#79824982184,0,0.41928354,0
1639256138#1639155385,0,0.42756262,0
2667613191#4717006903,0,0.42373946,0
1639874909#4256816954,0,0.42552605,0
2257029041#1485299250,0,0.42930892,0
4465948199#4301010066,0,0.41754577,0
4572640157#4717006903,0,0.4199245,0
4523681885#4476079587,0,0.42628524,0
4206177456#1641743465,0,0.4193144,0
4572590009#4274231792,0,0.42915028,0
2075941248#4639939654,1,0.42056197,0
4651001595#2255999084,0,0.4262431,0
1438326380#2343156405,0,0.4125285,0
1416629632#4797037452,0,0.42067778,0
2070915408#1688696995,0,0.42587712,0
4236851222#3235715171,0,0.42043623,0
4084736429#4451212061,0,0.40667605,0
1639324664#2176856626,0,0.42038852,0
3514514633#4157401170,0,0.4301076,0
2056054806#3749458600,0,0.4267902,0
138962685339#3887359663,0,0.4241618,0
1978617477#3824422542,0,0.4276337,0
96782388307#3446005398,0,0.43382254,0
4320035753#4123794186,0,0.40682393,0
4145538930#4373986045,0,0.417028,0
3618222408#152647301573,0,0.42454553,0
4590034064#4408923380,0,0.42679727,0
23236172957#4720410171,0,0.41334954,0
2056240035#4808134153,0,0.4244658,0
285571185833#74498483187,1,0.4223618,0
3723581561#4476878387,0,0.41253105,0
4057371579#2056054806,0,0.41842428,0
4969770564#4969770563,0,0.4128731,0
2118343024#1391855073,0,0.42528293,0
3967292640#3637013838,0,0.413969,0
3881670110#156117700215,0,0.41308528,0
4206332470#4206296451,0,0.4054168,0
4015177495#1639256138,0,0.41177773,0
1701333848#1434308545,0,0.41678527,0
4623972279#4541783818,0,0.42588827,0
4465895597#5035565089,0,0.41134414,0
229064296735#191526663714,0,0.42503008,0
4397595586#4397754007,1,0.42041853,0
2179966995#3979873043,0,0.42151392,0
4655118040#6626538016,0,0.42287812,0
4205483261#4408923380,0,0.40629888,0
65121698593#4205483261,0,0.416084,0
61480810216#1751367859,0,0.41313908,0
3954861346#1369517864,0,0.41936344,0
2073958683#3053522778,0,0.4239895,0
97115450346#5066791120,0,0.42301288,0
4833740538#4040422114,0,0.41155183,0
4683128693#4683128792,0,0.4171869,0
191526663714#176559958604,0,0.4292569,0
1811606501#4283871990,0,0.42066228,0
4185378416#1752652470,0,0.4173942,0
2058475069#5006573365,0,0.42109174,0
4476079587#2107319978,0,0.43703544,0
4397595586#166895767823,0,0.436184,0
416021357693#135661412204,0,0.4224761,0
335230007323#1512751759,0,0.42916846,0
5046655373#1506416355,0,0.4205889,0
4623425604#4636515413,0,0.41776407,0
4542039020#2063941871,0,0.4291116,0
2064252516#2067590020,0,0.39914235,0
4450624363#4206296451,0,0.4031337,0
4589595405#135661505013,0,0.42816308,0
4480087497#2074788669,0,0.4230688,0
4657604028#1688741198,0,0.40230042,0
1578942207#4717006903,0,0.42555067,0
3395535928#1639345669,0,0.42809752,0
4636255129#4838235692,0,0.4203958,0
3709672083#4273495849,0,0.4175785,0
3403976710#4295061736,0,0.41479263,0
466235290974#1701333848,0,0.43495354,0
335140369784#1751364880,0,0.43275577,0
3438816546#10573596223,0,0.40162978,0
3514682983#3954632610,0,0.4140748,0
2118636976#4062293592,0,0.4195769,0
4717447481#4579834609,1,0.43039483,0
4673542718#2110845313,0,0.41963992,0
4099060832#4158629441,0,0.42525604,0
4091678030#4355935020,0,0.39472958,0
390474724805#3760470313,0,0.4265112,0
3404198756#2066608237,0,0.4253852,0
507856838174#466235290974,1,0.43458158,0
72738144006#3967292640,0,0.41397658,0
4001640647#1393978070,0,0.43130514,0
4959321230#5206457326,0,0.40888837,0
4722274481#3797709918,0,0.4039343,0
156556736201#4325771526,0,0.4326634,0
14275123825#1950837411,0,0.40840077,0
191526663714#1372178479,0,0.42565736,0
4838235692#72738144006,0,0.42836818,0
5061207560#3967292640,0,0.41457716,0
1309258396#3964333871,0,0.4003504,0
2057290397#366875256859,0,0.42537677,0
3494646727#2119795881,0,0.42214146,0
2066625310#2061712594,0,0.4260365,0
3640787900#96073549554,0,0.42588654,0
3046416439#2112634689,0,0.4251291,0
2056240035#3845653710,0,0.39858758,0
4477152635#1391108904,0,0.43032333,0
1487880541#1485299448,0,0.41941547,0
4797037452#4432533603,0,0.42459092,0
4893654052#4781194041,1,0.428948,0
4231530282#2057290397,1,0.4177125,0
92368429738#4360968366,0,0.41230342,0
4619311949#4696038763,0,0.42586347,0
2079569518#4081275775,0,0.43354192,0
3891956877#135661505013,0,0.42324778,0
4348212443#2066509476,0,0.42189607,0
3915028298#238810853483,0,0.40153182,0
4445134769#2058316912,0,0.41497594,0
4639939654#3967431644,0,0.4170665,0
4343053909#1721524699,0,0.41617852,0
5095472183#366875256859,0,0.43504044,0
3913845906#3845653710,0,0.4154131,0
2057290397#4176268600,0,0.40350923,0
4572640157#3113727219,0,0.3888291,0
4231530282#4408923380,0,0.41272643,0
29401716667#4329287476,0,0.4169061,0
3077591998#2070900453,0,0.4194548,0
4420971543#97245307190,1,0.40929192,0
2066625310#2066608237,0,0.42419785,0
4001640647#4838235692,0,0.43018073,0
4728183172#4593095274,0,0.42584854,0
203971666705#5046655373,0,0.41028517,0
3630377420#4205483261,0,0.40972763,0
4959321230#35840895191,0,0.40800592,0
143443080670#3887327251,0,0.4075565,0
4897654827#4285435367,0,0.3993539,0
1502507146#1328713620,0,0.40155435,0
211516818734#211516813604,0,0.40479648,0
2085225572#54353744279,0,0.40359578,0
3718660092#2120851333,0,0.4242555,0
1401983042#4969770563,0,0.41325104,0
2028036690#3630377995,0,0.42026833,0
18468424368#1639324664,0,0.4304904,0
156277193948#3961805889,0,0.42519018,0
4158629441#1961624635,0,0.41835123,0
4464761033#4726063649,0,0.40715447,0
4746512285#4572640157,0,0.41482475,0
1742685067#1647227082,0,0.41946483,0
3618222408#2057634508,0,0.42829984,0
4687269370#366875256859,0,0.42469564,0
4900708136#4943160331,0,0.40364057,0
2120702109#2058129030,1,0.42079782,0
2120472151#4293069425,0,0.4301588,0
2055375491#4399131975,0,0.41833064,0
1502507146#4420971543,0,0.41881981,0
2113489584#4256816954,0,0.4158213,0
4571112607#5195793914,0,0.4123033,0
2111154531#394070493542,0,0.42735237,0
2079329848#2058316912,0,0.40620178,0
4455910772#4264655494,1,0.42154676,0
229064296735#4821187508,0,0.4066967,0
4683128574#5174562295,0,0.42901918,0
4704351852#4843658591,0,0.40646118,0
2150036453#3967292640,0,0.42088,0
3048645894#1688741198,0,0.41701075,0
2168043833#1731512148,0,0.41936705,0
2064252516#3967292640,0,0.41385704,0
162694238096#449687819102,0,0.40969333,0
3887327251#2343156405,1,0.41722655,0
4513941964#1640320664,0,0.4277376,0
4593095274#2061609249,0,0.40951997,0
2056054806#4893420383,0,0.4079047,0
1386808104#3082148037,1,0.4144295,0
4722274481#4776933232,0,0.40534502,0
4425549180#74413943621,0,0.40961066,0
4384414279#4526617809,0,0.41692635,0
4674166292#1578942207,0,0.4307919,0
3891995517#192039556109,0,0.42523488,0
180981900487#3301628409,0,0.43323496,0
5197763503#4444196403,0,0.40196607,0
4145921553#3719861028,0,0.42677018,0
3993258388#58909543123,0,0.41617393,0
2066625310#2123557663,0,0.41982868,0
4432533603#5196858530,0,0.4136865,0
1639324664#4636381625,0,0.42615652,0
3995754516#4480087497,0,0.41987583,0
4447022338#3845653710,0,0.41381016,0
4579834609#5142907913,0,0.4271022,0
3446005398#4843658591,0,0.43727994,0
2059208034#58909543123,0,0.41232148,0
2152065366#4808134153,0,0.42665544,0
4974935530#4206177456,0,0.4159213,0
1371718847#4293069425,0,0.43123543,0
2120472151#29401716667,0,0.42332157,0
1701333923#444631792208,0,0.41938585,0
3979873043#2056507210,0,0.42120847,0
3559141878#2343156405,0,0.41546407,0
3891956879#3891995516,0,0.41951162,0
1848740243#19200751877,0,0.41550738,0
192039556109#4465948199,0,0.39634907,0
1480039773#23450012565,0,0.3950232,0
23450012565#394070493542,0,0.43429378,0
4442404182#4635890199,0,0.43124738,0
96073549554#97115450346,0,0.43212506,0
2119398048#5059493292,0,0.40718782,0
4636255129#4636515413,0,0.4122389,0
1641743465#4348212443,1,0.42480475,0
2235828707#1639155385,0,0.42922565,0
3439202323#49577430316,0,0.412735,0
3580451461#5165641659,0,0.4140935,0
2625020262#5045435844,0,0.41521773,0
4697481294#5079079597,0,0.41578802,0
4514268207#76157113368,0,0.43188307,0
5059287828#1641743465,0,0.42295447,0
4157483944#58909543123,0,0.41999272,0
4206185741#4301010066,1,0.41519755,0
2055885528#4717447481,0,0.42448518,0
1434308545#485901844230,0,0.40947625,0
4432340906#4373986045,0,0.41375324,0
4913830867#1472057121,0,0.42710534,0
407321254565#440789276692,0,0.41226915,0
4893420383#5087832312,0,0.41308326,0
397535266252#2058389382,0,0.4352584,0
4264655494#4439261964,0,0.41473624,0
5183982232#5154187347,0,0.41423896,0
422599152324#143443080670,0,0.4280478,0
4717147193#4222409905,0,0.4183026,0
4087558268#4397595586,0,0.4273588,0
3951836421#2063780194,0,0.4166195,0
3609693841#4304322882,0,0.42355484,0
138962728028#133162664120,0,0.43290955,0
1760567279#4702376819,0,0.41189176,0
3756476323#3725874617,0,0.4247532,0
54353744279#5066791120,0,0.40561032,0
1451281491#5183982232,0,0.40868106,0
175688747293#5083069896,0,0.40411082,0
1729872694#4134941234,0,0.415141,0
1506416355#1791708206,0,0.42892024,0
2056240035#1497975779,0,0.42371973,0
2044181318#4081275775,0,0.4121516,0
1751364880#4639939654,0,0.43597615,0
2060201792#23188819996,0,0.41998953,0
3961805889#3404198756,0,0.43614817,0
4040422114#1960991500,0,0.42931575,0
2117948923#3967431645,0,0.42463127,0
3438816546#4915591396,0,0.401714,0
1709874755#3077577348,1,0.41843548,0
544241990815#4926497821,0,0.42145738,0
4091678030#3983618810,0,0.39876044,0
2079569518#1639859238,0,0.43257838,0
4776933232#4087558268,0,0.42446133,0
4913830867#3082148037,0,0.4267017,0
2076341379#4619311949,0,0.41818914,0
2067535414#4314776750,0,0.41072658,0
212932070423#192039556109,0,0.41724333,0
4622655287#5006573365,0,0.42668423,0
2010425525#4589673799,0,0.4236376,0
1396458706#3446005398,0,0.43116075,0
325413609982#294499666073,1,0.4225768,0
4176268600#4158629441,0,0.42877886,0
2063941871#4639939654,0,0.4293886,0
3954861346#142083478286,0,0.42124814,0
2057634508#2066608237,0,0.43391728,0
3913414434#3045169703,0,0.39899707,0
2113489584#4492809342,0,0.421332,0
325413609982#1416629632,0,0.42539832,0
162694238096#4095205192,0,0.41583094,0
4314776750#4218561827,0,0.41130298,0
2055388911#2119398048,0,0.4191683,0
3926916973#3054434630,0,0.42260003,0
1805797094#4808134153,0,0.4288666,0
3908809138#1321353963,0,0.42748135,0
4644188896#2111138171,0,0.42692584,0
4697566414#4399131975,0,0.42898795,0
4726063649#1765891797,0,0.42923874,0
4529802917#1773082332,0,0.4190542,0
2459935330#1644318212,0,0.43025887,0
2296560316#2063714736,0,0.42680046,0
4728183172#1810185303,0,0.4353887,0
4155453347#4343053909,0,0.4235383,0
3913699707#4877557723,0,0.4378193,0
1701333848#1457252585,0,0.41537616,0
4913830867#4808134153,0,0.4270222,0
152647301573#412747360553,0,0.41489345,0
29401716667#42074270076,0,0.41712704,0
1927135903#1726849895,0,0.42982686,0
5194662073#3618222408,0,0.43726912,0
3835133693#4420971543,0,0.41838136,0
3983618810#4479612011,0,0.3993204,0
146503333212#3446005398,0,0.4334945,0
3797577168#3618222408,0,0.43578377,0
4254950922#2067535414,0,0.40859428,0
4304322865#3439202323,0,0.41750565,0
2076367337#2296560316,0,0.40706062,0
4146071616#3760470313,1,0.40790513,0
2329115926#2257029041,0,0.40192816,0
4015177495#3913699707,0,0.41930017,0
4344502942#4314776750,1,0.43048516,0
507856838174#1639345669,0,0.41502577,0
1818219339#3235731059,0,0.42048514,0
3113727219#1721524699,0,0.42399973,0
3835133693#3860598463,0,0.42153588,0
2106691106#3845653710,0,0.4276507,0
2045415682#4161797606,1,0.4302391,0
4304322865#135661412204,0,0.42258707,0
5124325410#5091621114,0,0.408056,0
1639324664#85742590406,0,0.40616918,0
5183940502#2066608237,0,0.4295743,0
2113489584#4421080858,0,0.41027364,0
2123557663#3404198756,0,0.43249917,0
2007767941#1593907976,0,0.413689,0
5087832312#4675263432,0,0.42759332,0
1431837978#1659804386,0,0.43100765,0
1393978070#4455910772,0,0.41263595,0
2072277707#5071210858,0,0.42840418,0
3723581561#3404198756,0,0.4325884,0
4445134769#4415632493,0,0.4318365,0
4644858323#2079329848,1,0.42664418,0
4206294979#4397595586,0,0.42874047,0
4332430854#4206185741,0,0.40895957,0
2119398048#3082148037,0,0.42397118,0
3559141874#1635602597,1,0.4206417,0
2068979765#4893420383,0,0.4273887,0
4200562007#2107319978,0,0.42893326,0
4651001595#4259436644,0,0.41697532,0
1764005595#1592254485,0,0.42696223,0
4702376819#5169189544,0,0.41295868,0
4717147193#1369517864,0,0.42771524,0
3279454241#1731076012,1,0.39662522,0
4969770564#2152065366,0,0.42291215,0
162763009373#4674188079,0,0.43035784,0
3054151845#5061207560,0,0.41363293,0
4636381625#156556736201,0,0.4334979,0
1418076289#1639256138,0,0.43345407,0
3093229304#4716933437,0,0.42022422,0
2055885528#4717147193,0,0.41415986,0
2106691106#3630377420,0,0.4274843,0
4915591396#5079079597,0,0.405168,0
5071210858#1752652470,0,0.4202856,0
212932070423#3400949384,0,0.41003823,0
4897654827#3210538090,0,0.43050113,0
156277193948#4623972279,0,0.42940304,0
5174266018#5091621114,1,0.41044345,0
2117931003#394070493542,0,0.42653498,0
238810853483#4523681885,0,0.4065922,0
4505323150#2455879046,0,0.4209835,0
2625043549#1646111781,0,0.41908655,0
4145921553#3949325253,0,0.41900745,0
5087832312#4529802917,0,0.41038877,0
1314318421#4320035753,0,0.4106159,0
1472770701#162763009373,0,0.42536744,0
1498091249#4051773503,0,0.41841552,0
2059208034#3042130107,0,0.41681373,0
4450624363#4442404182,0,0.42773217,0
1667389566#1803263230,0,0.4209291,0
31657249259#1647227082,0,0.42533094,0
1867208609#4264655494,0,0.4188509,0
33479876316#1775497794,0,0.42059103,0
1372592368#1960991500,0,0.4277196,0
4455910772#1867208609,0,0.40223932,0
2058575359#17373109457,0,0.4274076,0
4697566414#4464761033,0,0.42322135,0
343207691350#1751364880,0,0.44348627,0
2066067032#4674188079,1,0.43229964,0
4506526792#4883979137,0,0.41699976,0
1729872694#4070369143,0,0.42084205,0
4722274481#4432533603,0,0.41491613,0
4614462519#2071810750,0,0.42338327,0
3690020473#3995754516,0,0.42470136,0
4152195034#5183940502,0,0.42941687,0
2056146720#4697481294,0,0.4209139,0
1731512148#1541880573,0,0.4258922,0
2111455453#1627692347,1,0.41584077,0
1512751759#2118636976,0,0.42666158,0
3419406689#3082154081,0,0.42575315,0
18467925256#343207691350,0,0.44229624,0
1701333915#1415604956,0,0.42214778,0
4654875230#4272900036,0,0.4000247,0
2061830876#1578942207,1,0.43266964,0
4969770563#5194662073,0,0.42432666,0
4084736429#3279626812,0,0.40490818,0
4273495849#4373986045,0,0.4200497,0
422592070627#4900708136,0,0.4165731,0
5183940502#135661412204,0,0.42626986,0
2455879046#2118343045,0,0.4288768,0
1644318212#4572590009,0,0.42074966,0
4279337296#4272916870,0,0.4290923,0
3514682983#2112634689,1,0.42934105,0
1838279516#23450012565,0,0.42749822,0
2070908678#4636255129,0,0.4188719,0
5079079597#4155453347,0,0.42314938,0
191526663714#166895767823,0,0.4178545,0
1803263230#3630377420,0,0.41730624,0
171824357717#3937838359,0,0.42999852,0
4465895597#1372548918,0,0.42488566,0
5174571094#2115528606,0,0.42824543,0
2257029041#1636552632,0,0.41677,0
4397755394#4893654052,0,0.4275119,0
4383857081#4651001595,0,0.4004421,0
1393978070#4290984960,0,0.43056175,0
1726849895#3954647267,0,0.42092112,0
4717006903#4915072924,1,0.41655102,0
133524814102#1487880545,0,0.433228,0
2343156405#4572590009,0,0.4204794,0
4123794186#4451212061,0,0.41073686,0
2120851333#4612398845,0,0.41779965,0
3816510804#4636227772,0,0.42410353,0
85384061690#1543994516,0,0.43051645,0
5066791120#4432340906,0,0.41181582,0
2071860396#3972924699,0,0.40943944,0
138961802927#2120851333,0,0.43000406,0
176559958604#4283871990,0,0.4351892,0
4651001595#5026206690,0,0.41645765,0
4451212061#4358894069,0,0.4143918,0
1472057121#4455910772,0,0.42779484,0
65121698593#4657604028,0,0.42656115,0
3831306913#110748797879,0,0.42076212,0
138962685339#117735755969,1,0.41938755,0
96782388307#5183982232,0,0.40456837,0
1818219339#2055375491,0,0.41816154,0
4893654052#2118343114,0,0.42436045,0
2111154531#3640787900,0,0.42170158,0
2073591147#1371718847,0,0.39527333,0
1726849895#117735755969,0,0.4292077,0
4717147193#2061609249,0,0.41397095,0
4051773503#2113489584,0,0.40912905,0
3630377995#1803263230,0,0.41665268,0
1915755042#4200562007,0,0.42884576,0
156556736201#201834375600,0,0.42784435,0
2455879046#1415604956,0,0.41538858,0
97115450346#4113335248,0,0.42569983,0
3702620538#5083069896,0,0.43104187,0
1628142291#4717447481,0,0.42413875,0
4897654827#4823759244,1,0.42313176,0
3634100347#156117700215,0,0.41541067,0
23232175462#6626538016,1,0.42498752,0
1915755042#1712044201,0,0.43140188,0
3048629567#54163685093,0,0.42294663,0
135661505013#3891995516,0,0.41858897,0
4673542718#2055377608,0,0.42151335,0
4657604028#4821187508,0,0.41086632,0
4123535150#4200561878,0,0.40848747,0
4274231792#4571231312,0,0.4136076,0
5183122889#4480087497,0,0.419065,0
1711995496#3891956879,0,0.43041,0
3640787900#4970527567,0,0.41697544,0
4595088085#2063714736,0,0.4197575,0
2016174783#1369517864,1,0.43101114,0
3760470313#3045715790,0,0.42343867,0
5053698926#4843658591,0,0.4031599,0
38469881084#42074270076,0,0.41958013,0
4628600663#4205483261,0,0.4168373,0
4974935530#2057336614,0,0.41965765,0
3401731422#3913414434,1,0.41134703,0
3048645894#4717147193,0,0.4266155,0
4699490403#2055448044,1,0.4310099,0
3797709918#1729872694,0,0.42566124,0
4348212443#4623972279,0,0.42714956,0
1506416355#4113335248,0,0.4298412,0
4568734964#4343053909,0,0.41209638,0
18466202308#70918981766,0,0.4178177,0
4704351852#49577430316,0,0.43499804,0
4206296451#3979873043,0,0.42507678,0
4397754007#4397755394,0,0.42445794,0
5110224221#4325771526,0,0.4129901,0
1752652470#4986514238,0,0.3951652,0
4674166292#5012419871,0,0.41319278,0
4402571427#4256816954,0,0.42987216,0
3293868386#3927343389,0,0.4247522,0
1646206854#5018444082,0,0.41770333,0
4704351850#4145538930,0,0.42201614,0
33479876316#4464671416,0,0.42124408,0
3845755569#3725874617,0,0.4194352,0
5319073917#3048645894,0,0.42289057,0
4667944802#4641375710,0,0.42247823,0
4424722345#1647227082,0,0.42764696,0
3507037384#18467925256,0,0.42383364,0
10574444118#1688696995,0,0.4239472,0
4536383286#499646724147,0,0.4170861,0
3054151845#3400949384,0,0.42401633,0
5110224221#4279337296,0,0.41321906,0
3967431645#1418076289,0,0.42231578,0
3961805889#2123557663,0,0.43238154,0
4424722345#4823759244,0,0.42427772,0
2070010942#3082154081,0,0.42746451,0
4200562007#1636552632,0,0.4131587,0
4883979137#5183119675,0,0.42062962,0
4838235006#4636227772,1,0.40110824,0
1927135903#1791708206,0,0.43291268,0
4373986045#4526617809,0,0.4223728,0
5174571094#92368429738,0,0.4291234,0
2055388911#76471735803,0,0.4221749,0
4200562007#4200561878,0,0.42108792,0
3690020473#76471735803,0,0.4133491,0
166895767823#133162664120,0,0.4021514,0
5174562295#2111138171,0,0.42997578,0
4441056785#3400442486,0,0.41920432,0
4451212061#4442404182,0,0.4154565,0
1472770701#4557840495,0,0.41445208,0
3824422542#3757477006,0,0.414265,0
4529802917#3279454241,0,0.41176096,0
5107794424#2111138171,0,0.4247913,0
4644188896#1391108904,0,0.4321744,0
2044181318#2056054806,0,0.42123795,0
4636350698#4720410171,0,0.40335697,0
1803263230#4699490403,0,0.426227,0
3449953255#2118636976,0,0.4212691,0
5066791121#2079134592,0,0.42320114,0
1751364886#4450624363,0,0.4303068,0
422593008639#1472057121,1,0.42959744,0
3926916973#1721524699,0,0.42173305,0
5183119675#5183122889,0,0.40152416,0
3630377420#2676652265,0,0.4263404,0
5006573365#1805797094,0,0.42246792,0
3891995516#1372178479,0,0.4288772,0
1915755042#2119398048,0,0.43422,0
1409311663#1487880752,1,0.42396462,0
4821187508#1746426028,0,0.42125544,0
3528447762#1688696995,0,0.42777088,0
3446005398#74498483187,0,0.43614385,0
4358894069#4513941964,0,0.42026278,0
4272900036#4272916870,0,0.418925,0
4606763895#1639345669,0,0.4096235,0
4329287476#4236851222,0,0.43027318,0
1504469558#175688747293,0,0.42090738,0
3507037384#4704351850,1,0.39223382,0
4781194041#4479564523,0,0.43850625,0
1646111778#4986514238,0,0.43000066,0
4464736913#4432340906,0,0.40914854,0
3757755788#3818902117,0,0.40596196,0
4200562007#1372592368,0,0.40003324,0
1646111778#1791708206,0,0.43254444,0
2058575359#1659804386,0,0.42520228,0
76157113368#2625043549,0,0.39282537,0
2060201792#2062207570,1,0.43377128,0
3249351499#86626661064,0,0.4103291,0
2044181318#3961805889,0,0.42992195,0
3891995516#5087832312,0,0.4281833,0
4495282808#3797571274,0,0.42527756,0
4716933437#2179966995,0,0.41180584,0
3797709918#3576124056,0,0.42218426,0
3293868386#3972924699,0,0.41894862,0
1472770701#41204352605,0,0.41304976,0
1639874909#138962728028,0,0.42909753,0
2114708220#2257029041,0,0.43145123,0
1639324664#4639939654,0,0.42258722,0
4683128695#4726348614,0,0.39208257,0
3891995517#4568734964,0,0.42833278,0
79824982184#3860598463,0,0.4128546,0
5139738145#6626538016,0,0.42539528,0
385969176673#4479564523,0,0.4268445,0
3630377995#4426880471,0,0.4200343,0
3845653710#4717447491,0,0.42340803,0
1372548918#3835133693,0,0.4099652,0
3926711754#4639939654,0,0.4285857,0
4726067654#4986514238,0,0.41298872,0
96073549554#2090772224,0,0.43426287,0
4781194041#4087558268,0,0.43126622,0
1487880545#1487880541,0,0.40218437,0
3860598463#4606763895,0,0.42114142,0
5197763503#2007767941,0,0.42983958,0
175688747293#41556618165,1,0.41550228,0
4317023855#124972559649,0,0.42479518,0
3576237737#4969770564,0,0.4255908,0
211516813604#294499666073,0,0.4196614,0
3576124056#4057371579,0,0.4202563,0
2072277707#1314318421,0,0.40380996,0
4970527567#5165641659,0,0.41874906,0
2071810750#2067535414,0,0.4194531,0
2059500447#1386808104,0,0.4232413,0
2152065366#3559141878,0,0.42735463,0
5206457326#35840895191,0,0.42312616,0
4408923380#3967292640,0,0.42144927,0
449687819102#4793008419,1,0.42322683,0
5053698926#3438816546,0,0.40999904,0
1701333923#1593907976,0,0.43082485,0
4465895597#1742685067,0,0.4065471,0
58909543123#1314229142,0,0.39815074,0
37353468240#2073958683,0,0.4208931,0
2057290397#4408923380,0,0.4143508,0
3926867260#3831256267,0,0.4104265,0
4717006903#4717147193,0,0.41419846,0
4726063649#3719861029,0,0.4212805,0
4623949174#1751364886,0,0.41596994,0
2110845313#3887359663,1,0.41643074,0
2066625310#3961805889,0,0.43034437,0
4572590009#4542039020,0,0.41562548,0
3401731422#1372592368,0,0.39065704,0
4222409905#3528447762,0,0.42547426,0
5062566737#162694238096,0,0.41849095,0
4696038763#2062207570,0,0.41440603,0
14275123825#4703570487,0,0.4013028,0
3077591998#3077577348,0,0.42066514,0
4623425604#4636227772,0,0.41579458,0
2074788669#3926711754,0,0.41575783,0
4304322882#5090005176,0,0.41438138,0
1838279516#1840606003,0,0.42279363,0
2045415682#1472057121,0,0.42464077,0
85558863547#5209073328,0,0.40529585,0
3997332642#2106691106,1,0.41005886,0
4397595586#4416668619,0,0.43565816,0
5034412454#5059493292,1,0.41144642,0
4720017417#2119398048,0,0.4210279,0
1628142291#2062122607,0,0.43051353,0
3082148037#1512564701,0,0.42763984,0
1372548918#5059287828,0,0.41130376,0
5045435844#3499050406,0,0.41807598,0
1772710082#4699490403,0,0.43174762,0
2063714736#156117172741,1,0.42028812,0
4301010066#4614462519,0,0.40854183,0
3395535928#3419406689,0,0.41233078,0
3887327251#3559141878,0,0.42642343,0
2067183017#3930414032,0,0.40810826,0
4397595586#142083478286,0,0.42597333,0
3954861346#1915755042,0,0.43164667,0
4444196403#74413943621,0,0.40431365,0
4004760998#4447022338,0,0.4164025,0
1372432715#2060575805,0,0.40378305,0
2070010942#1328713620,0,0.4084133,0
1608452100#1309241819,0,0.42659286,0
5183982232#146503333212,0,0.40681374,0
4966778186#96782388307,0,0.4204766,0
1726849895#2073951091,0,0.42333224,0
387778124974#5066791121,0,0.43157163,0
4674166292#4702376819,1,0.42318165,0
14613470761#4304322882,0,0.42717117,0
4969770563#2063596827,0,0.42608237,0
4439261964#1363201302,0,0.42433682,0
1438326380#2060201792,0,0.4180024,0
1415604956#1712044201,0,0.4319704,0
4595088085#4304322865,1,0.4248426,0
2132712586#4402571427,0,0.42134446,0
1731076012#4273495849,0,0.42167103,0
23236172957#4673540369,0,0.4245222,0
92453078646#325413609982,0,0.41153765,0
4667944802#4668248026,0,0.42266655,0
4254950922#3630377420,0,0.4200522,0
5215138753#1752749947,0,0.4159245,0
5122647668#18466202308,1,0.41719556,0
1512751759#4969770563,0,0.4232388,0
2054734151#3054151845,0,0.42491636,0
1960991500#1479262690,0,0.4153883,0
1712044201#1711995496,0,0.42451414,0
5053698926#1639859238,0,0.42658123,0
1729872694#4568734964,0,0.42112854,0
4222366434#3972744892,0,0.43052706,0
197780911762#4499163460,0,0.4000588,0
4619311949#1765891797,0,0.41501328,0
544241990815#4236851222,0,0.43263933,0
4557840495#4455910772,0,0.41934013,0
3279454241#4643808116,0,0.4127653,0
3404246292#2118850114,0,0.4185912,0
4699490403#5012419871,0,0.4219433,0
3044853716#4108525284,0,0.4133716,0
3618222408#3845755569,0,0.4251854,0
3403976710#1639345669,0,0.41062108,0
3949325253#3845755569,0,0.43048593,0
203971666705#18466095339,0,0.3993369,0
5012419871#2066067032,0,0.42767236,0
5174644144#14275123825,0,0.40834847,0
4290984960#1701502009,0,0.4276492,0
4426880471#1500022510,0,0.42060342,0
4619311949#4897654827,0,0.4195877,0
1640320664#4093010754,0,0.42260772,0
1307862087#4425549180,0,0.42110693,0
4717447489#4746833491,0,0.4242386,0
1639345669#4387748183,0,0.42159164,0
1372432715#1627692347,0,0.4154602,0
4838235006#4851856042,0,0.40926912,0
3951836421#2058575359,0,0.41227144,0
2106691106#3494646727,0,0.42144614,0
2118343114#3045588874,0,0.41719678,0
1393978070#2073951091,0,0.4156072,0
4851856042#1927135903,0,0.42774266,0
1639324664#1423045778,0,0.43059048,0
133524814102#1487880541,0,0.43229774,0
2061609249#3113727219,0,0.39954433,0
4146071616#4373986045,0,0.40868217,0
1314229142#544241990815,0,0.4106958,0
191526663714#133162664120,0,0.4198661,0
3691716746#2058475069,0,0.42990568,0
19200751877#3214249594,0,0.41856933,0
2073958683#135661412204,0,0.42644328,0
4674166292#2063714736,0,0.41984588,0
5183119675#3026064813,0,0.4193753,0
4657604028#5174266018,0,0.4263687,0
1840606003#1848740243,0,0.4008177,0
3072527640#1848740243,0,0.41771066,0
14275123825#197780879481,0,0.41766924,0
5059493292#3060181630,0,0.42547458,0
5031406959#133524814102,0,0.43422598,0
4926497821#4010669700,0,0.41107047,0
1363286477#4673250183,0,0.41326103,0
5091621114#1743158949,0,0.43002576,0
4959796164#146503333212,1,0.41855714,0
1711682143#1665926511,0,0.42558175,0
1639143131#4590034064,0,0.40497646,0
4274434869#18467925256,0,0.43042383,0
4572223100#4437686963,1,0.42158458,0
285571185833#5062566737,0,0.39888614,0
4717147193#4450624363,0,0.41480356,0
3937838359#5122647668,0,0.4363401,0
4274231792#4157401170,0,0.43003437,0
51398636035#3249351499,1,0.41345277,0
2079329848#79824982184,0,0.4138868,0
135661412204#5046655373,0,0.42320293,0
5079079597#1805797091,0,0.41486126,0
54162860059#2625041725,0,0.4157657,0
1752749947#1760567279,1,0.4206998,0
5122647668#2062985829,0,0.41538587,0
14613470761#1497890852,0,0.40804943,0
1401983042#1401982699,0,0.41143447,0
1372178479#1646111778,0,0.42791528,0
4424722345#4091678030,0,0.42474762,0
4358894069#3997332642,0,0.4186611,0
23236172957#2068979765,0,0.41998744,0
3673230409#528895744557,0,0.42612368,0
156277193948#5183940502,0,0.43191585,0
4295061736#1512564701,0,0.43750012,0
422599152324#294499666073,0,0.423856,0
5174571094#4134941234,0,0.42564783,0
4654875230#3419406689,0,0.42484674,0
3797577433#4683128574,1,0.41498157,0
4720410171#5074857907,0,0.42215464,0
372481782919#4701577010,0,0.41115946,0
4290984960#4283871990,0,0.42571697,0
390474724805#4146071616,0,0.4133592,0
4893654052#4196516579,0,0.42159608,0
4397595586#4893654052,0,0.42930984,0
1731076012#4206294979,0,0.43045834,0
3559141874#1391855073,0,0.4162215,0
4571231312#379478720787,0,0.40445128,0
2112404854#110748797879,0,0.43133786,0
3967292640#5083069896,0,0.4001886,0
1452953298#4473639064,0,0.42146742,0
2070010942#1372432715,0,0.41220132,0
4424722345#3797577433,0,0.4227036,0
3760470313#4145538930,0,0.41689885,0
335230007323#1372432715,0,0.41846815,0
1363286477#2056054806,0,0.42997298,0
5059493292#4015322905,0,0.40578294,0
4479612011#4057371579,0,0.40640944,0
4704351852#30238763253,1,0.4033927,0
4513941964#4606952422,0,0.4224868,0
2455628985#141222595817,0,0.42370525,0
5215138753#4145538930,0,0.40994057,0
4320035753#4557840495,0,0.4222658,0
4236851222#1497975779,0,0.42252445,0
2010425525#2058575359,0,0.42473316,0
4541783818#4219305672,0,0.4272939,0
74413943621#85558863547,0,0.41603273,0
4717447489#4746512285,0,0.43118677,0
3637013838#2676652265,0,0.42394945,0
1401982372#1639256138,1,0.42977944,0
5087832312#3926867260,0,0.409205,0
4713775127#1729872694,0,0.4248067,0
2066608237#5319073917,0,0.42490909,0
2235828707#2045415682,0,0.42568442,0
4851625903#3845755569,0,0.42376864,0
3303709815#75959618233,0,0.40744004,0
4951787449#4505323150,0,0.42750004,0
5165641659#4304322882,0,0.42234346,0
1312624571#4301010066,0,0.41936666,0
5049710453#2119795881,0,0.41452923,0
4683128574#146503333212,0,0.4113285,0
422593008639#3964333871,0,0.41828927,0
2114708220#2057119390,0,0.43570343,0
3279454241#4301010066,0,0.40809408,0
3419400892#2054781182,0,0.41946983,0
3764168689#3892158791,0,0.43191883,0
1806319252#3093229304,0,0.41929224,0
4214739605#2061830876,0,0.4197019,0
4696038763#3048629567,0,0.41829482,0
211516818734#3419406689,0,0.41858172,0
2074402075#5095472183,0,0.42746988,0
5107794424#3026141475,0,0.425504,0
2058316913#207032695430,0,0.4313841,0
1386618246#2007767941,1,0.4170929,0
1665926511#1437868238,0,0.42298475,0
2058389382#4279337296,0,0.42154068,0
4348212443#4717447491,0,0.4354438,0
138962685339#4415632493,0,0.42899692,0
4668248026#4641375710,0,0.43033254,0
5154187347#146503333212,0,0.4088751,0
1391108904#2138727017,0,0.4328724,0
4201800596#3060181630,0,0.42834795,0
5183122889#3995754516,0,0.43206117,0
1636552632#1502507146,0,0.42887866,0
4222409905#4206160273,0,0.43221065,0
1307862087#2113209826,0,0.4221677,0
4535930871#3926711754,0,0.4228504,0
158860974845#5090005176,0,0.41967854,0
2138241335#4001640647,0,0.42894086,0
4506526792#1636552632,0,0.41794434,0
1363286477#5122647668,0,0.43000212,0
2067535414#1391855073,0,0.4259073,0
3967292640#499646724147,0,0.40447628,0
1363201302#1512564701,0,0.43026665,0
1451281491#4155453347,0,0.41671917,0
4256816954#4206177456,0,0.4019241,0
1764005595#3764168689,0,0.4307411,0
5046655373#3055389286,0,0.42050633,0
1751367859#1731512148,0,0.41989747,0
379478720787#440789276692,0,0.41096994,0
3046416439#5083069896,0,0.41396922,0
3438816546#4839116720,0,0.39438984,0
3913699707#2067183017,0,0.4296679,0
492315626953#1688741198,0,0.41572562,0
3618222408#1627692347,0,0.42668515,0
1811606501#2118343114,0,0.4240982,0
1409311663#2066509476,0,0.4328833,0
1805797091#1805797094,0,0.41738236,0
4254950922#1731512148,0,0.41226095,0
23188819996#2060201778,0,0.42283902,0
1316806291#4416668619,0,0.4202786,0
10574444118#4969770564,0,0.4239425,0
3983618810#3202467812,1,0.41329527,0
4704351852#4704351814,0,0.41984805,0
4836816015#1438326380,0,0.4026065,0
485901844230#4719266320,0,0.41487098,0
229064296735#3951836421,0,0.4021227,0
248352373136#31657249259,1,0.4356487,0
485901844230#1701333848,0,0.43156144,0
4185378416#2625043549,0,0.40534136,0
3797571274#3074302372,0,0.42930582,0
5174571094#4426880471,0,0.43342042,0
5031406959#5026206690,0,0.40211368,0
4108525284#4713775127,0,0.41828555,0
4134941234#4536383286,0,0.41308475,0
2115528606#1500022510,1,0.4190476,0
3891956877#3891995516,0,0.42298895,0
1472057121#3964333871,0,0.41757104,0
2068979765#2119615174,0,0.42793953,0
3719861028#1765891797,0,0.42219537,0
139619394191#3559141873,0,0.42627668,0
2076000953#1729872694,0,0.4235054,0
18468424368#4717147193,0,0.42859232,0
1374772550#2062777752,0,0.43469986,0
2079134592#4808134153,1,0.43306378,0
4037072294#4808134153,0,0.42608684,0
4134941234#2120851333,0,0.42647734,0
1328713620#1512606886,0,0.4238319,0
2061609249#135661505013,0,0.40616444,0
2059208034#4455910775,0,0.42005423,0
4447022338#85384061690,0,0.42997286,0
4526617809#1498091249,0,0.4152338,0
1401983042#18467925256,1,0.4176246,0
5154187347#108005767633,0,0.4229699,0
3212722992#1653994308,0,0.4302262,0
23232175462#4746512285,0,0.41980565,0
4636350698#3053522778,0,0.42542225,0
143443080670#1848740243,0,0.4144825,0
1854625863#5066791121,0,0.42332572,0
3602711494#4823759244,0,0.42350635,0
3710757111#390474724805,0,0.41385245,0
4134941234#4643808116,0,0.42470676,0
2625043549#2625020262,0,0.40718898,0
544241990815#1802227379,0,0.42023972,0
4219781521#3114734058,0,0.4361734,0
2118636976#2112404854,0,0.42543796,0
4113335248#4010669700,0,0.41471186,0
4542039020#2119615174,0,0.42322114,0
38844401140#1841861991,0,0.42507944,0
4606952422#4900708136,0,0.4065123,0
1709874755#1751367859,0,0.42989507,0
4717147193#4113335248,0,0.41740957,0
4787160203#4790722269,1,0.42695764,0
2062985829#180981900487,0,0.430563,0
2111154531#412747360553,0,0.4242568,0
4573406193#3691716746,0,0.4160756,0
4358894069#4206332470,0,0.4180534,0
1309241819#2055885528,0,0.40738657,0
1608452100#1423045778,0,0.4257942,0
3860598463#23236172957,0,0.4238108,0
2056054806#4399131975,0,0.41483444,0
3967292640#211516818734,0,0.40418285,0
1995007743#4883979137,0,0.42733362,0
335140369784#207032695430,0,0.41821215,0
4123535150#3972744892,1,0.43389776,0
4614462519#3757477006,0,0.41977,0
4833740538#2113489584,0,0.42035276,0
5319073917#211516813604,0,0.40880018,0
1386618246#4210985419,0,0.3996602,0
4134941234#4713775127,0,0.4237169,0
4851625903#4703570487,0,0.41288748,0
3749458600#4158629441,0,0.43457517,0
1401982699#1401982372,0,0.41764256,0
20439929902#1307862087,0,0.4252759,0
3691716746#4295061736,0,0.42275143,0
10574444118#38469881084,0,0.41782057,0
1410206420#2111146548,0,0.41433725,0
2098918003#1578942207,0,0.42547196,0
33479876316#3756773168,0,0.41617277,0
5095472183#2119615174,0,0.43221563,0
3528447762#3725874617,0,0.42629135,0
4523681885#3691716746,0,0.42489478,0
4157735958#4821187508,0,0.41167647,0
4201800596#4717447489,0,0.4301739,0
31657249259#23232175462,0,0.42506924,0
468609305105#372481782919,0,0.40912044,0
5066791120#5066791121,0,0.42059824,0
4657604028#4492809342,0,0.4090395,0
379478720787#387778124974,0,0.41605002,0
2058316912#4623425604,0,0.409202,0
2055377608#133162664120,0,0.42660087,0
1751364880#4623949171,0,0.41689694,0
3559141873#3559141874,0,0.41966778,0
3113727219#4442404182,0,0.42983928,0
1978617477#4623474983,0,0.42943946,0
87820911338#4420971485,0,0.42022982,0
2058129030#5122647668,0,0.41586274,0
135661412204#4492809342,0,0.41734824,0
3845653710#3235993266,0,0.41040534,0
3507037384#4704351852,0,0.39106786,0
4838235692#4623425604,1,0.4159332,0
1316806291#3954632610,0,0.41540873,0
18466095339#1487880541,0,0.4186246,0
1867208609#3279626812,1,0.4170243,0
4206332470#211516813604,0,0.4101875,0
5110224221#1760567279,0,0.419827,0
4836816015#4526617809,0,0.42013204,0
4642851315#4123794186,0,0.41156942,0
2118343045#4523681885,0,0.42739847,0
366875256859#499646724147,0,0.42736682,0
4587233229#4206160273,0,0.39781824,0
156117172741#4673540369,0,0.42872486,0
4628600663#5319073917,0,0.4282842,0
3054434630#1372178479,0,0.4290432,0
2066625310#2056054806,0,0.42585546,0
4087558268#4951787449,0,0.42674372,0
2058557454#3723581561,0,0.42971885,0
3475310737#54163172658,0,0.43497664,0
440789276692#18467925256,0,0.42496458,0
2235828707#2614264849,0,0.43013313,0
3045715790#1512751759,0,0.42695683,0
1423045778#4833740538,1,0.42985234,0
1363286477#1646206854,0,0.42262068,0
3403976710#4477152635,0,0.42313236,0
4839116720#3507037384,0,0.39718235,0
18468637596#2063780194,0,0.41881883,0
19200751877#5090005176,0,0.40245813,0
1701333915#124972559649,0,0.42376575,0
238810853483#1372432715,0,0.40619087,0
54163172658#2119795881,0,0.41419876,0
485901844230#1728174551,0,0.42630154,0
2343156405#1635602597,0,0.40494394,0
1960991500#4697481294,0,0.4392289,0
169883264664#3449953255,0,0.43370008,0
385969176673#180981900487,0,0.42085204,0
2111683743#4476878387,0,0.42765507,0
2079329848#2058316913,0,0.40538785,0
5124325410#3202467812,0,0.41980407,0
4206332470#4635890199,1,0.43222895,0
4809114345#197780911762,0,0.40187892,0
5174571094#4813716345,0,0.43323818,0
1811606501#2452901483,0,0.41787875,0
3400442486#4091678030,1,0.423022,0
1639324664#4535930871,1,0.42601073,0
4673540369#14613470761,1,0.4150283,0
4272900036#2063565387,0,0.39464596,0
1391855073#1726849895,0,0.41859633,0
2061830876#4218561827,0,0.41100094,0
1416629632#1391516565,0,0.42142412,0
4206294979#4636255129,0,0.4282149,0
3559141873#3749458600,0,0.43263838,0
74498483187#5062566737,0,0.42985237,0
4343053909#4809114345,0,0.411676,0
2066608237#3047893935,0,0.43253818,0
4498422001#113940347013,0,0.42932862,0
3709672083#1498091249,0,0.41996834,0
4823759244#1452953298,0,0.41551027,0
4206185741#4999204993,0,0.4002059,0
3995754516#3891995517,0,0.4293546,0
4838235692#4838235006,0,0.42784742,0
49480466353#5174266018,0,0.4159292,0
449687819102#74498483187,0,0.40577814,0
1772710082#1760567279,0,0.42183986,0
4904481611#4218561827,0,0.403119,0
4447022338#3891956879,1,0.42732155,0
4926497821#4606952422,0,0.4003721,0
1681387366#3690020473,0,0.42392042,0
3749458600#3797571274,0,0.4378399,0
5319073917#3954861346,0,0.4341184,0
1363286477#2062985829,1,0.41661292,0
5154187347#4966778186,1,0.4315621,0
4332430854#2059500447,0,0.41760623,0
2625041725#3490251569,0,0.40706474,0
4123535150#1701333848,0,0.4317103,0
4464736913#2074402075,0,0.41984573,0
3214249594#3048645894,0,0.42079678,0
2062122607#4717447481,0,0.42644298,0
5142907913#2081856411,0,0.41002536,0
3054151845#1592249119,0,0.4170718,0
2070908678#4256816954,0,0.4179571,0
1646111781#1752652470,0,0.421948,0
4134941234#1711682143,0,0.41935238,0
3114734058#4549189933,0,0.40847772,0
1500022510#5174571094,0,0.41363522,0
449687819102#468609305105,0,0.41494897,0
5142907913#54163685093,0,0.4140584,0
5124325410#124972559649,0,0.39559922,0
14613470761#2120472151,0,0.42655575,0
4674188079#3764168689,0,0.4242553,0
4145921553#3718660092,0,0.41183794,0
70918981766#2062985829,0,0.41233805,0
4720410171#4720390456,1,0.41930693,0
4572590009#4571231312,0,0.3986237,0
18468424368#6626538016,0,0.4137822,0
3235715171#2215543173,1,0.41464323,0
3797577168#4099060832,0,0.433175,0
4702376819#1772710082,0,0.4127995,0
4728102784#3042130107,0,0.4203195,0
2074788669#3991545309,0,0.41765413,0
5142907913#54353744279,0,0.40285677,0
3576124056#2111455453,0,0.43480515,0
14613525328#4523681885,0,0.40254948,0
4717147193#4506526792,0,0.4235214,0
2045415682#1541880573,0,0.41336372,0
2072277707#2118636976,0,0.4215812,0
4206294979#4465948199,0,0.42296445,0
4572640157#4797037452,0,0.4117561,0
422592070627#4821187508,0,0.42185843,0
3967431645#4790722269,0,0.42924434,0
2676652265#1665926511,0,0.4178407,0
1915755042#3908809138,0,0.42791986,0
4157495788#211516813604,0,0.4006301,0
2190649057#3938878589,0,0.41274798,0
4084736429#4542039020,0,0.3975599,0
3045588874#135661412204,0,0.4137251,0
146503333212#85558863547,0,0.40752405,0
1841861991#2120851333,0,0.43292242,0
468609305105#285571185833,0,0.40016663,0
3212722992#3995754516,0,0.42623347,0
3913845906#2614264849,0,0.42010343,0
3507037384#2079134592,0,0.42376852,0
3633533062#3404198756,0,0.4330806,0
72738144006#4623425604,1,0.42415854,0
10574444118#10573596223,0,0.40229893,0
2055377608#2056226500,0,0.42428246,0
3045588874#3114734058,0,0.41078073,0
1437065018#4635890199,0,0.42192355,0
2058129030#70918981766,0,0.42556608,0
2176856626#3673230409,0,0.41871426,0
3580451461#4465948199,0,0.42685866,0
2085225572#4966778186,0,0.4193464,0
4397755394#4557840495,0,0.4170151,0
5031406959#2058557454,0,0.43647522,0
1811606501#2056507210,0,0.42636696,0
4408923380#3797577433,0,0.41052124,0
3053522778#4219781521,0,0.4260632,0
4274231792#1452953298,0,0.42573643,0
4355935019#35840895191,0,0.4223303,0
2074747025#2063714736,0,0.41004497,0
38844401140#4233841850,0,0.40647402,0
14275123825#110021560021,1,0.40949303,0
2044181318#4444196403,0,0.4141422,0
3257238638#5090005176,0,0.40463918,0
61480810216#1646206854,0,0.42547208,0
2074747025#5206080225,0,0.4234442,0
160860596936#5165641659,0,0.42114922,0
1480039773#11970072085,0,0.4257555,0
2074747025#4001640647,0,0.43198684,0
2452901483#4304322865,0,0.4223839,0
4037072294#4704351814,0,0.43383136,0
4259436644#1802227379,0,0.40927768,0
1457252585#38844401140,0,0.41736305,0
5139738145#4790722269,0,0.43242124,0
2056054806#1401982372,0,0.41878685,0
4623474983#4432533603,1,0.39948037,0
1726849895#38469881084,0,0.4159381,0
3964333871#117672347313,0,0.40624472,0
3961805889#5071210858,0,0.43067858,0
2056226500#544241990815,0,0.425539,0
1751367859#3032539281,0,0.432832,0
5053698926#4696038763,0,0.41494808,0
1497975779#2055388651,0,0.42238927,0
4405820651#85558863547,0,0.4183056,0
3082154081#3082148037,0,0.41014096,0
366875256859#4536383286,1,0.40562034,0
390474724805#4176268600,0,0.41028473,0
1810185303#4797037452,0,0.4216541,0
70918981766#4851856042,0,0.39499992,0
4541783818#35840895191,0,0.42315727,0
2459935330#3578770368,0,0.4168936,0
1451127432#1309241819,0,0.41974476,0
124972559649#3756476323,0,0.4244479,0
4285651704#2085225572,0,0.3993218,0
2075941248#3991545309,0,0.4192187,0
1480039773#4579834609,0,0.42208302,0
2079134592#2073951091,0,0.42889112,0
1639155385#2059194324,0,0.41801652,0
4499163460#4200562007,0,0.4111033,0
2066608237#2110845313,0,0.42537466,0
4196516579#4746833491,0,0.39969903,0
1639859238#2108617570,0,0.42633232,0
385969176673#412747360553,0,0.41518295,0
3845653710#2114283351,0,0.41735515,0
2090772224#4635890199,0,0.42805424,0
4966778186#108005767633,0,0.4249035,0
1628142291#4746833491,0,0.41824713,0
4720410171#4279780621,0,0.42358485,0
158860974845#5174266018,0,0.4068465,0
4893063505#2060201778,0,0.42865226,0
14275123825#5196858530,0,0.4088013,0
2108617570#2059194324,0,0.43414912,0
4279780621#4720390456,0,0.40479684,0
4572590009#4589595405,0,0.40040812,0
14613525328#135661412204,1,0.4133342,0
3997332642#3951836421,0,0.4092276,0
4200562007#1840606003,0,0.42457741,0
4702376819#422592070627,0,0.40206727,0
10574444118#1608452100,0,0.42366642,0
2058389382#4233841850,0,0.42871404,0
5174644144#1726849895,0,0.42147225,0
3913699707#3045169703,0,0.4296883,0
3691716746#4959321230,0,0.41909227,0
1841861991#1729872694,1,0.4207731,0
4999204993#4683128695,0,0.41055185,0
1960991500#1681387366,0,0.42507604,0
1487880545#1485299250,0,0.42692026,0
141222595817#4084736429,0,0.4032955,0
1314229142#2062991492,0,0.418756,0
4893063505#4099060832,0,0.4308039,0
4408923380#4536383286,0,0.40273717,0
3824422542#210832073881,0,0.4099862,0
1307862087#4579834609,0,0.4115261,0
4397595586#3235993266,0,0.42684782,0
1431837978#2056054806,0,0.42527065,0
2118636976#3881831374,0,0.42431116,0
135661412204#3719861029,0,0.41940597,0
2061946625#387778124974,0,0.4275761,0
4233841850#3113727219,0,0.41550383,0
4348212443#4040422114,0,0.4308586,0
3507037384#2063780194,0,0.3978645,0
3093229316#2070010942,0,0.4045044,0
2107319978#1760567279,0,0.4242871,0
4437686963#2112634689,0,0.4284313,0
4728183172#2064252516,0,0.42048994,0
4495282808#33479876316,0,0.41254723,0
3892158791#3954647267,0,0.42702577,0
390474724805#4145538930,0,0.41355637,0
4701256303#4701577010,1,0.41083005,0
2081856411#3576237737,0,0.42180207,0
4465895597#4274231792,0,0.4270598,0
1487880545#1487880547,0,0.41887826,0
4883979137#1451127432,0,0.42172244,0
3709672083#4157495788,0,0.4099369,0
4015177495#76157113368,0,0.4064953,0
49480466353#117672347313,0,0.41400135,0
211516813604#212932070423,0,0.41991407,0
2625041725#1752652470,0,0.4154999,0
4206332470#4442404182,0,0.42348105,0
1372548918#1760567279,0,0.41707355,0
4612398845#4344502942,0,0.4290434,0
4495282808#3046594621,0,0.42466125,0
4455910772#4455910775,0,0.40548885,0
4081275775#3728591592,0,0.41420504,0
3576237737#2756868325,0,0.42627305,0
4926497821#1372592368,0,0.39611152,0
4809097722#4851625903,0,0.4237791,0
229064296735#2190649057,0,0.424596,0
3831306920#3831306913,0,0.41112322,0
5087832312#4344502942,0,0.41019332,0
3883422036#1729872694,0,0.4202112,0
4332430854#5110224221,0,0.40598944,0
143443080670#49577430316,0,0.42022932,0
3979873043#4176268600,0,0.41573066,0
1752652470#2625043549,0,0.3978518,0
4202041822#1541880573,0,0.42916837,0
4157483944#3249351499,0,0.43068796,0
2067590020#1512751759,1,0.42345703,0
4206160273#4495282808,0,0.40164256,0
10573596223#38469881084,0,0.40310898,0
1451127432#2061946625,0,0.41840315,0
3249351499#2070915408,0,0.4295982,0
108005767633#5095472183,0,0.43299478,0
3449953255#4651001595,0,0.4246093,0
4489623613#2057145715,0,0.42408213,0
210832073881#4157735958,0,0.42258543,0
18467925256#1639256138,0,0.4263706,0
1659804386#2056054806,0,0.42052096,0
1764005595#2117948923,0,0.4338497,0
4701577010#4283871990,0,0.42789364,0
4549189933#4619311949,0,0.4123534,0
4476878387#4623972279,0,0.42241552,0
1578942207#4206296451,0,0.42278203,0
2054781182#5107794424,0,0.42746773,0
4612398845#23188819996,0,0.42355335,0
372481782919#5062566737,0,0.40428293,0
366875256859#3967292640,0,0.4257514,0
4455910775#1867208609,0,0.41197845,0
2112404854#2062991492,0,0.43071517,0
4683128574#4683128695,0,0.4123584,0
2058919336#4420971485,0,0.42536747,0
4442404182#4358894069,0,0.42649075,0
5110224221#4360968366,0,0.41355026,0
37353468240#4037072294,0,0.43115166,0
4541783818#4476079587,0,0.43293458,0
3756476323#79824982184,0,0.4226024,0
41204352605#5194662073,1,0.41984892,0
2064252516#2067535414,0,0.41249463,0
3797709918#4108525284,1,0.40152934,0
4606763895#550633511658,1,0.42721403,0
2067183017#5059287828,0,0.39929518,0
3303709815#4787160203,0,0.427908,0
4157401170#4157495788,0,0.39768463,0
1372432715#3419400892,0,0.40201622,0
1543994516#2110996098,0,0.42165148,0
1990355406#2028036690,0,0.41582683,0
2455628985#203971666705,0,0.4178668,0
117735755969#4285651704,0,0.4198052,0
4476079587#387778124974,0,0.43758252,0
1487880545#3446005398,0,0.4258362,0
4155453347#4568734964,0,0.40565282,0
4480087497#3991545309,0,0.41825384,0
379478720787#394070493542,0,0.42146674,0
2112404854#1314318421,0,0.43269622,0
4999204993#4424722345,1,0.42256865,0
1593907976#4201800596,0,0.40674302,0
1764005595#4283871990,0,0.43459103,0
4683128792#1312624571,0,0.41453135,0
4623972279#1641743465,0,0.42159787,0
244380536377#3915028298,0,0.41953117,0
1309258396#4355935019,0,0.3955718,0
4506526792#2055886100,0,0.4190361,0
3212722992#550633511658,0,0.43716595,0
160860596936#422599152324,0,0.42348573,0
485901844230#4161797606,0,0.4267404,0
4728183172#4513941964,0,0.4333078,0
1374772550#1701333923,0,0.43029487,0
1701333923#1434308545,0,0.41696048,0
1452953298#2115528606,0,0.405855,0
4464671416#2056226500,0,0.42961344,0
5074857907#1416629632,0,0.42326853,0
2058919336#325413609982,0,0.4225071,0
4639939654#3967292640,0,0.41556013,0
4904481611#4344502942,0,0.40020514,0
2113489584#1472057121,0,0.4210983,0
2055377608#3964017834,1,0.4257396,0
2063565387#3077591998,1,0.42866173,0
1646111781#2625041725,0,0.42760035,0
2063941871#3967431645,0,0.41855007,0
201834375600#5035565089,1,0.4284835,0
1500022510#4813716345,0,0.4002906,0
3293868386#4549189933,1,0.4241982,0
3831306920#2098918003,0,0.41336507,0
335230005323#335230007323,0,0.4247056,0
4526617809#1854625863,0,0.42482343,0
3891995517#2058316912,0,0.42768702,0
2055388651#3235731059,1,0.4201465,0
3659287616#2061946625,0,0.40880245,0
4593095274#2329115926,0,0.40416574,0
4683128792#4541783818,0,0.42263862,0
2055886100#4851856042,0,0.4254012,0
3045169703#4877557723,0,0.4228474,0
4595088085#4776933232,0,0.42031124,0
3026064813#4726348614,0,0.42631623,0
23450012565#1374772550,0,0.416219,0
1701333848#1374772550,0,0.42346966,0
2074747025#1701502009,0,0.4231422,0
4157735958#191526663714,1,0.4214435,0
113940347013#4897654827,0,0.42239547,0
3044853716#2055886100,0,0.4234994,0
3494646727#5026206690,0,0.40276578,0
4087558268#4134047757,0,0.4197593,0
4557840495#2190649057,0,0.42353114,0
3913699707#2198670733,1,0.43156165,0
85558863547#2010425525,0,0.4092119,0
2055388651#3081747589,0,0.41899586,0
4479612011#1990355406,0,0.39571598,0
3818902117#3818902121,0,0.41706574,0
3954632610#3419406689,0,0.4124814,0
4444196403#4283871990,0,0.426144,0
143443080670#92453078646,0,0.4089669,0
2057119390#4062293592,0,0.4212927,0
4897654827#4498422001,0,0.41797197,0
3772624980#1627692347,0,0.41564813,0
1423045778#4657604028,0,0.42463747,0
4355935019#3202467812,0,0.4121857,0
2070915408#2079569518,0,0.4116392,0
4781194041#4397595586,0,0.4313678,0
1802227379#4161797606,0,0.42306283,0
3913699707#2058389382,0,0.4232106,0
4206296451#4272900036,0,0.41275752,0
4823759244#4285435367,0,0.4179029,0
2076000953#3048629567,0,0.42785186,0
92368429738#1541880573,0,0.43128145,0
4492809342#4833740538,0,0.4136952,0
2070010942#4015322905,0,0.40349743,0
1485299250#133524814102,0,0.4319871,0
4399131975#1848740243,0,0.42601776,0
1773082332#4684230132,0,0.41588706,0
1751364886#440789276692,0,0.41066143,0
5194662073#10573596223,0,0.42899188,0
2073591147#2079581946,0,0.418028,0
1452953298#4571231312,0,0.40095532,0
4332430854#1328713620,0,0.40595606,0
4644858323#2070908678,0,0.42662582,0
4432533603#2058575359,0,0.42149952,0
3214249594#4506526792,0,0.41295135,0
2111305988#3044853716,0,0.42757067,0
2063596827#4683128693,0,0.40612844,0
1639859238#4037072294,0,0.42290527,0
1950837411#3719861028,0,0.41968027,0
3764168689#1688741198,0,0.4334468,0
1512564701#4397595586,0,0.43727422,0
2179966995#3072527640,0,0.4184412,0
3709672083#4444196403,0,0.41612512,0
1728174551#2235828707,0,0.43367043,0
3048645894#2055885528,0,0.41893452,0
4676945807#3047893935,0,0.42577612,0
18466095339#244380536377,0,0.42286572,0
3093229316#2179966995,0,0.3971333,0
4432340906#2063596827,1,0.40012786,0
1512751759#4157401170,0,0.43645546,0
2054657150#387778124974,0,0.43597856,0
128510350084#5319073917,1,0.4163941,0
20439929902#4489623613,0,0.42759207,0
4113335248#141222615628,0,0.40325403,0
3490251569#3954647267,0,0.41901767,0
4314776750#4214739605,0,0.43107465,0
41204352605#4719540762,0,0.42184347,0
4969770564#29401716667,1,0.43034592,0
4606952422#325413609982,0,0.4128845,0
3913699707#3881670110,0,0.42312533,0
1363201302#5209073328,0,0.4214688,0
3236071545#3395535928,0,0.4072284,0
3507037384#4704351814,0,0.41175005,0
4657604028#4623972279,0,0.42435527,0
3507037384#5053698926,0,0.39806882,0
4572590009#1452953298,0,0.41532317,0
3831306913#6626538016,0,0.4083191,0
1578942207#3404246292,0,0.42084283,0
5061207560#5059287828,1,0.41622636,0
1434308545#2110996098,0,0.4176236,0
4683128574#4999242335,0,0.4045623,0
4343053909#4004760998,0,0.4087745,0
5110224221#5183940502,0,0.4160735,0
1309258396#3400442486,0,0.42724606,0
4081275775#4505323150,1,0.41576052,0
33479876316#3046594621,0,0.4195297,0
4272900036#2070900453,0,0.42696625,0
1321353963#5053698926,0,0.43610933,0
4218561827#1410206420,0,0.40733168,0
3054151845#1608452100,0,0.43161538,0
3419406689#2111138171,0,0.4248098,0
5087832312#1393978070,0,0.430881,0
3709672083#4145538930,0,0.41349736,0
4542039020#4405820651,0,0.42167702,0
2055377608#3831306913,0,0.41786465,0
4703570487#3979873043,0,0.42285833,0
4283871990#5049710453,0,0.43238208,0
4304322882#4304322865,0,0.41699213,0
4479564523#1867208609,0,0.44112107,0
3797571274#1743158949,0,0.42795393,0
229064296735#187850583866,0,0.42811373,0
3772624980#2132712586,0,0.39835468,0
4206185741#1312624571,0,0.41203955,0
1502419182#1438326380,0,0.40966606,0
20439929902#3077591998,0,0.40883526,0
5154187347#96782388307,0,0.41260397,0
4651001595#4628600663,0,0.42368174,0
4264655494#4419563623,1,0.42766765,0
4549189933#1452953298,0,0.42084634,0
2060201792#4619311949,0,0.40890616,0
4445134769#4622655287,0,0.42820746,0
4944832122#2120091370,0,0.4181704,0
3835133693#3212722992,0,0.4117805,0
1497975779#3235715171,0,0.423952,0
2119398048#1978617477,1,0.43136597,0
3499050406#3077577348,0,0.41744503,0
1978617477#4040422114,0,0.4317313,0
3797709918#4161954899,0,0.42937645,0
5206457326#1810185303,0,0.42132893,0
4657604028#2113489584,0,0.42000854,0
1371718847#1374772550,0,0.41914278,0
325413609982#49577430316,0,0.42394876,0
2055448044#1772710082,0,0.41718748,0
4441056785#1639324664,0,0.43060288,0
23188819996#4387192350,0,0.40533495,0
1709874755#4893063505,0,0.42964318,0
3634100347#4587233229,0,0.42226857,0
4329287476#3053522778,1,0.39117032,0
143443080670#160860596936,0,0.40452793,0
5049710453#4934929781,0,0.40877688,0
5018444082#54163685093,0,0.40215442,0
4123794186#54353744279,0,0.4210827,0
29401716667#10574444118,0,0.40500015,0
1639155385#4636227772,0,0.42061314,0
4108525284#1729872694,0,0.4271394,0
133524814102#422592070627,1,0.430781,0
4974935530#444631792208,0,0.4136875,0
4010669700#4897654827,0,0.4121623,0
10573596223#3303709815,0,0.4303433,0
3797571274#3757477006,0,0.42466938,0
3514514633#3913414434,0,0.4283397,0
1415604956#1316806291,0,0.42704287,0
5142907913#1485299448,0,0.43150717,0
4900708136#2111305988,0,0.41503966,0
5083069896#180981900487,0,0.4342362,0
1752749947#4699490403,0,0.42231074,0
3060181630#4200561878,0,0.4227867,0
4728102784#2138241335,0,0.41103724,0
10573596223#3633533062,0,0.40194964,0
2054657150#4645874167,0,0.43574223,0
4344502942#3954861346,0,0.4352607,0
38469881084#4969770563,1,0.42588997,0
4683128792#4999204993,1,0.39639765,0
1512564701#1512606886,0,0.42494926,0
4970527567#5031406959,0,0.4192171,0
4455910775#2452901483,0,0.41116711,0
3797577168#4893063505,0,0.43353024,0
4219781521#4161797606,0,0.43317652,0
4499163460#2118343024,0,0.42440432,0
2055377608#2068979765,0,0.4277352,0
4506526792#3048645894,0,0.415199,0
18468424368#207032695430,0,0.4093193,0
1802227379#2117931003,0,0.42481673,0
3499050406#2071810750,0,0.39607716,0
138961802927#468609305105,0,0.41514465,0
96073549554#1726849895,0,0.42886782,0
58909543123#2111683743,0,0.40361786,0
5045435844#1541880573,0,0.41521868,0
2070010942#3082148037,0,0.41865897,0
5197763503#3954647267,0,0.41887102,0
1640320664#5139738145,1,0.4322496,0
2756868325#2067590020,0,0.4252381,0
4655118040#1372432715,0,0.39849696,0
2756868325#2074747025,0,0.43379825,0
4424722345#4999242335,0,0.42348528,0
4285651704#3891956877,0,0.42320195,0
4642851315#1372548918,0,0.4039992,0
5110224221#3997332642,0,0.41519555,0
1927135903#1805797094,0,0.42459965,0
4684230132#4205483261,0,0.41199726,0
4523681885#2107271656,0,0.42882317,0
3997332642#1743158949,0,0.4313196,0
1498091249#4070369143,0,0.42415679,0
1316806291#4397595586,0,0.42854187,0
2296560316#4595088085,0,0.4185958,0
4424722345#2329115926,0,0.41890284,0
33479876316#38844401140,0,0.4214996,0
1393978070#2138241335,0,0.43178427,0
152647301573#109769360804,0,0.42062274,0
5124325410#158860974845,0,0.4075049,0
30238763253#3279454241,0,0.40589535,0
1608452100#1592249119,0,0.42342085,0
3279454241#3494646727,0,0.4117179,0
1592254485#3054151845,0,0.4200975,0
4314776750#4397755394,0,0.41630772,0
1371718847#1701333848,1,0.42283398,0
4295061736#5155009789,0,0.42286256,0
2057290397#499646724147,0,0.4167635,0
485901844230#1418076289,0,0.42040128,0
4657264966#3576237737,0,0.4281993,0
4823759244#4219781521,0,0.4120847,0
4455450028#2060201778,0,0.41813684,0
4704351814#4420971543,0,0.4195645,0
3797709918#4713775127,0,0.42522964,0
2624983051#4185378416,0,0.41868263,0
6626538016#5319073917,0,0.41995835,0
1543994516#2120702109,0,0.4156015,0
4590034064#1712044201,0,0.428822,0
30238763253#4704351850,0,0.4108727,0
152647301573#160860596936,1,0.39645296,0
4432340906#4455450028,0,0.41078255,0
92368429738#4465895597,0,0.43019795,0
4568734964#3972924699,0,0.4054909,0
3419400892#3395535928,1,0.41774857,0
5319073917#4196516579,0,0.4167686,0
4824413800#1328713620,0,0.40775612,0
4479612011#4355935019,0,0.42401195,0
416021357693#2056146720,1,0.41517204,0
96782388307#4593095274,0,0.41909343,0
4279337296#3913845906,1,0.42116627,0
3439202323#5155009789,0,0.42997628,0
2114708220#4145921553,0,0.42633685,0
97245307190#2045415682,0,0.41386408,0
2459935330#2072277707,0,0.4307756,0
3908809138#1950837411,0,0.39606747,0
4051773503#4781194041,0,0.42609295,0
1401982699#2235828707,0,0.4207286,0
2063780194#1401982678,0,0.4168127,0
4161797606#444631792208,0,0.42112052,0
142083478286#1506416355,0,0.42319298,0
2063714736#4673540369,0,0.4072174,0
2056507210#2452901483,0,0.42457375,0
3210538090#4498422001,0,0.4200948,0
1372592368#3927343389,0,0.41795474,0
3831306913#65121698593,1,0.41372532,0
1487880547#133524814102,0,0.4358719,0
2118674361#3293868386,1,0.41600382,0
23236172957#2118343024,0,0.430676,0
3054434630#1416629632,0,0.41523203,0
1452953298#4421080858,0,0.40611637,0
2066067032#4095205192,0,0.41979724,0
4477152635#4222409905,0,0.42163396,0
3892158791#2111146548,0,0.4390508,0
3967292640#76157113368,0,0.40102127,0
2455879046#2118343114,0,0.4246696,0
2055886100#2118850114,0,0.42265174,0
85384061690#4062293592,0,0.4249829,0
97245307190#4704351852,0,0.39283043,0
4272916870#4704351814,0,0.40813556,0
31657249259#4542039020,0,0.4202119,0
4464671416#2073958683,1,0.4293276,0
4464736913#2058389382,0,0.4209129,0
138962685339#1772705112,0,0.42958146,0
2058919336#229064296735,0,0.43041098,0
4526617809#5215138753,0,0.42651048,0
3449953255#5165641659,0,0.42620122,0
4325771526#4635890199,0,0.42264012,0
1578942207#3026141475,0,0.4255296,0
1639155385#18467925256,0,0.4134371,0
19200751877#54353744279,0,0.41706604,0
3026064813#2060201778,0,0.43057418,0
2455879046#2118343024,0,0.42864126,0
4833740538#54162860059,0,0.4133711,0
2073591147#2062777752,0,0.4309097,0
29401716667#4969770563,0,0.42501414,0
4781194041#1316806291,0,0.42295712,0
1498091249#3949325253,0,0.42431796,0
4679556582#18468424368,0,0.41753733,0
5206080225#4301010066,0,0.4220758,0
3954647267#4888451505,0,0.43281135,0
2058129030#1543994516,0,0.41837874,0
1961624635#3749458600,0,0.43060514,0
4720017417#4667944802,0,0.41962343,0
440789276692#412747360553,0,0.4103499,0
4408923380#76157113368,0,0.41906694,0
3400442486#2057145715,0,0.43175855,0
96782388307#146503333212,0,0.4117099,0
2054781182#3514682983,0,0.42644385,0
1423045778#4421080858,0,0.42472765,0
3659287616#1729872694,0,0.42669567,0
2068979765#2115528606,0,0.42817646,0
4201800596#38844401140,0,0.40149468,0
109769360804#171824357717,0,0.41462353,0
1512564701#1386808104,0,0.4244367,0
1391108904#2079581946,0,0.42396763,0
33479876316#97736798616,0,0.42838553,0
31657249259#2061946625,0,0.4144232,0
5183122889#31657249259,0,0.42626953,0
4506526792#3044853716,0,0.41535237,0
4606952422#4628600663,1,0.41326633,0
133162664120#4888451505,0,0.40452668,0
2058557454#4970527567,0,0.4270531,0
3093229316#3964017834,0,0.4095889,0
1314229142#4726067654,0,0.4166635,0
4304322865#156277193948,0,0.41542676,0
19200751877#387778124974,0,0.4136876,0
3908809138#4893063505,0,0.42314872,0
4915072924#3964333871,0,0.4222668,0
343207691350#2007767941,0,0.43170348,0
4571112607#4651001595,0,0.4157644,0
110021560021#65121698593,0,0.42860824,0
1915755042#1321353963,0,0.42957154,0
4405820651#23232175462,0,0.42816448,0
3831256267#1659804386,0,0.42583704,0
207032695430#192039556109,0,0.42044318,0
4999204993#2054734151,0,0.4240866,0
176559958604#4821187508,0,0.43337804,0
4424722345#4219305672,0,0.43095624,0
2071860396#4541783818,0,0.42096338,0
2756868325#2081856411,0,0.41613162,0
2138727017#3845755569,0,0.437499,0
3081747589#1497975779,0,0.41313434,0
4070369143#3883422036,0,0.4225375,0
6626538016#207032695430,0,0.43583027,0
2061712594#2152065366,0,0.4127838,0
4465948199#3279454241,0,0.40832,0
285571185833#2058557454,0,0.42610836,0
2329115926#3725874617,0,0.39845312,0
3797577168#187850583866,0,0.42651522,0
4387192350#1363286477,0,0.43420893,0
5061207560#1848740243,0,0.41019145,0
4839116720#2054657150,0,0.4192851,0
3964017834#3831306913,0,0.41533518,0
1667389566#3630377995,0,0.4217931,0
3514514633#3954632610,0,0.42550388,0
1592254485#1592249119,0,0.4150711,0
4651001595#5031406959,0,0.42417824,0
238810853483#2060575805,0,0.40651163,0
5046655373#3235993266,0,0.40438962,0
143443080670#325413609982,0,0.4111769,0
2016174783#4455910772,0,0.41644216,0
468609305105#162694238096,1,0.3979169,0
3081747589#3728591592,0,0.4156443,0
3797577168#4687269370,0,0.42922637,0
1401982372#3995754516,0,0.41877615,0
3042130107#4655118040,0,0.40767846,0
4641375710#1978617477,0,0.42627433,0
5045435844#2119795881,0,0.41318756,0
11970072085#2118343024,0,0.42419824,0
4264655494#4479564523,1,0.4227491,0
1915755042#1961624635,0,0.42706475,0
3995754516#4526617809,0,0.42963463,0
143443080670#171824357717,0,0.42289662,0
3961805889#1437065018,0,0.43167102,0
2063714736#2076367337,0,0.41494992,0
2007767941#1451281491,0,0.4154492,0
4945184061#5090005176,0,0.40144917,0
4839116720#5053698926,0,0.3974285,0
4093010754#4001640647,0,0.4272053,0
229064296735#1746426028,0,0.422224,0
3559141874#2066509476,0,0.43052557,0
5122647668#4655118040,0,0.41056767,0
58909543123#4210985419,0,0.41281936,0
4720410171#422593008639,0,0.42367238,0
2111305988#2075941248,0,0.42803496,0
2054781182#3954632610,1,0.41898936,0
1401982372#3072527640,0,0.41591316,0
2071860396#76157113368,0,0.41546205,0
4824413800#4986514238,0,0.41631103,0
171824357717#160860596936,0,0.4019349,0
3926867260#4587233229,0,0.41694027,0
2059500447#1512564701,0,0.42316684,0
18467925256#2063780194,0,0.42525354,0
1681387366#2071810750,0,0.4120599,0
3983618810#4285435367,0,0.42254734,0
3479468876#180981900487,0,0.43121195,0
1840606003#1437065018,0,0.4000028,0
4274434869#1541880573,0,0.4201924,0
1743158949#3618222408,0,0.43258688,0
4541783818#4683128574,0,0.42834285,0
4696502795#3303709815,0,0.41780218,0
3054151845#3983618810,0,0.41918537,0
4099060832#3797571274,0,0.43083957,0
2107319978#1485299250,0,0.42961848,0
138961802927#2090772224,0,0.42845848,0
1487880541#4697566414,0,0.42178515,0
5031406959#1764005595,0,0.4315013,0
422599152324#152647301573,0,0.42624786,0
4222366434#1457252585,0,0.4251378,0
3891995516#4155453347,1,0.42629775,0
2111683743#3756773168,0,0.42425457,0
4489623613#4883979137,0,0.4241819,0
3972924699#3995918021,1,0.41922945,0
4432340906#1487880545,0,0.40722254,0
5031406959#4926497821,0,0.39884016,0
4442404182#2058557454,0,0.43167493,0
4966778186#5095472183,0,0.43122193,0
2117931003#2066625310,0,0.42512968,0
2106691106#3618222408,0,0.43160003,0
4464671416#4536383286,0,0.42742583,0
3797709918#1578942207,0,0.43259272,0
2045415682#3797571274,0,0.4203681,0
1688741198#2066608237,0,0.42837864,0
4813716345#23232175462,0,0.4196728,0
323421711132#4298588573,0,0.44084075,0
3967292640#4274434869,0,0.39756873,0
2037039871#1502419182,0,0.40914258,0
2455879046#3499050406,0,0.42057145,0
54162860059#203971666705,0,0.41094145,0
162694238096#4793008419,0,0.42827466,0
2059208034#4821187508,0,0.4203552,0
1751364886#4623949171,0,0.42479384,0
1840606003#1363201302,0,0.42519855,0
5066791121#4959321230,0,0.41825598,0
3514682983#4123794186,0,0.406949,0
1628142291#4717447491,0,0.4254013,0
141222595817#141222615628,0,0.4048258,0
192039556109#2066509476,0,0.42763525,0
3293868386#1641743465,0,0.42653662,0
4373986045#4444196403,0,0.40925053,0
3887359663#3881670110,0,0.42349285,0
5034412454#5061207560,0,0.41916475,0
4717147193#4451212061,0,0.4195269,0
5215138753#4373986045,0,0.41067463,0
4529802917#4317023855,1,0.4233376,0
41204352605#10573596223,0,0.42308983,0
1772710082#1451127432,0,0.43360555,0
4464761033#4824413800,0,0.40055788,0
3403976710#3835133693,0,0.41206983,0
4399131975#2056146720,0,0.41394907,0
412747360553#87820911338,0,0.41966355,0
4134941234#4839116720,0,0.42484316,0
3093229304#3093229316,0,0.40829766,0
3081747589#3692837048,0,0.40381598,0
3093229316#2452901483,0,0.41641292,0
4704351852#4704351850,0,0.40514442,0
1502419182#2343156405,0,0.40790853,0
4301010066#2057336614,0,0.40905866,0
4415632493#3757755788,0,0.42383832,0
4790722269#4444196403,0,0.42719352,0
3709672083#3757755788,0,0.41502067,0
449687819102#5062566737,0,0.40578377,0
1639345669#3835133693,1,0.4217479,0
5194662073#210832073881,0,0.43060488,0
1328713620#4152195034,0,0.41117907,0
2119398048#4298588573,0,0.41328403,0
4683128693#4999204993,0,0.3920244,0
4697481294#135661412204,0,0.4211668,0
20439929902#4888451505,0,0.40131482,0
3279626812#4455910772,0,0.40970543,0
2113489584#4623972279,1,0.4270697,0
2117948923#4158629441,0,0.42067668,0
4070369143#4134941234,1,0.42354792,0
3490251569#5183122220,0,0.42057976,0
4999204993#3124123344,0,0.42446554,0
4542039020#1396458706,0,0.42559955,0
4716933437#1811606501,0,0.40653923,0
4699490403#4702376819,0,0.42640588,0
2074788669#3995754516,0,0.41373786,0
4202041822#335140369784,0,0.41916347,0
4355935019#3400442486,0,0.4187451,0
141222615628#4206294979,0,0.41333362,0
4283871990#2138241335,0,0.41583353,0
2055388651#3235715171,0,0.41942176,0
2111455453#4636381625,0,0.42918953,0
110748797879#96073549554,0,0.43089905,0
4218561827#4214739605,0,0.408274,0
5183119675#4081275775,0,0.41664144,0
4612398845#2060201778,0,0.42708117,0
1314229142#2118636976,0,0.42962116,0
4717006903#3429530265,0,0.4102827,0
5079079597#4900708136,1,0.425102,0
2067183017#1701333848,0,0.43054694,0
4285651704#4444196403,0,0.4009569,0
4839116720#1688696995,0,0.40672764,0
4161954899#1848740243,0,0.41962364,0
3249295282#3214249594,0,0.4217794,0
4355935020#4479612011,1,0.41443002,0
4218561827#5090005176,0,0.40753418,0
5142907913#4959321230,0,0.41334382,0
85742590406#3609693841,0,0.4236183,0
3124123344#4320035753,0,0.4131989,0
2076341379#4447022338,0,0.4195229,0
4479612011#4464761033,0,0.41719255,0
1711682143#2055377608,0,0.42379746,0
4636255129#4623474983,0,0.40934482,0
4298588573#4699490403,0,0.42737088,0
4966778186#3633303372,0,0.43404415,0
2061946625#4542039020,1,0.4034456,0
4200562007#2107271656,0,0.43190166,0
3756773168#97736798616,1,0.41942105,0
422599152324#1434308545,0,0.4242633,0
146503333212#5095472183,0,0.42521375,0
2113489584#4206177456,0,0.41644505,0
1772705112#1805797091,0,0.42414355,0
3054151845#2057145715,0,0.42497537,0
3235715171#3081747589,0,0.41344044,0
2059500447#14613470761,0,0.4245588,0
54163172658#422592070627,0,0.407529,0
74498483187#3634100347,0,0.42529246,0
3578770368#2072277707,0,0.4246493,0
4808134153#4673540369,0,0.43171135,0
4062293592#4549189933,0,0.4159492,0
407321254565#379478720787,0,0.4224849,0
4405820651#31657249259,0,0.42293862,0
3429530265#2667613191,0,0.4073906,0
2055375491#1751364886,0,0.42439252,0
1848740243#5034412454,0,0.4278436,0
4465948199#3964333871,0,0.40882927,0
3634100347#138962728028,0,0.4174007,0
3961805889#4384414279,0,0.42412218,0
3082154081#1512564701,0,0.42181167,0
201834375600#5071210858,0,0.4219147,0
4344502942#4619311949,0,0.40693134,0
3961805889#4673250183,0,0.43014774,0
4421080858#4657604028,1,0.4048601,0
61480810216#1391108904,0,0.42698222,0
2010425525#4477152635,0,0.4197961,0
323421711132#4623949171,0,0.4394849,0
173221389924#4787160203,0,0.42280108,0
2067535414#2057566902,0,0.4090116,0
4797037452#1480039773,0,0.41848692,0
3048629567#1434308545,0,0.42012206,0
1639256138#18468637596,0,0.4285625,0
2057290397#3637013838,0,0.41116017,0
4264655494#17373109457,0,0.42868465,0
158860974845#4317023855,0,0.4076643,0
113940347013#422592070627,0,0.42585874,0
4536383286#4650344731,0,0.42196837,0
4113335248#141222595817,0,0.40369242,0
4093010754#3993258388,0,0.41174513,0
1401983042#1401982678,0,0.41158324,0
1372178479#2108617570,0,0.42750096,0
3026141475#3045715790,0,0.4231997,0
4668248026#1978617477,0,0.42796576,0
4813716345#31657249259,0,0.4167744,0
3576124056#1485299448,0,0.42546794,0
212932070423#156117700215,0,0.4209427,0
3081747589#4236851222,0,0.41800916,0
1927135903#1772705112,0,0.42627248,0
2215543173#3580451461,0,0.4200588,0
5053698926#3053522778,0,0.39782658,0
4476878387#4475471841,0,0.4058076,0
156117700215#5183940502,0,0.4320514,0
4161797606#1728174551,0,0.4140926,0
3983618810#4644349436,0,0.39047295,0
3235993266#4945184061,0,0.41980094,0
4157735958#3042130107,0,0.40874505,0
1803263230#1765891797,1,0.41865265,0
2235828707#2138241335,0,0.43420702,0
4809097722#3045169703,1,0.43325168,0
4473639064#4612398845,0,0.41540208,0
5071210858#4465895597,0,0.4244122,0
3403976710#4606763895,0,0.4204156,0
5006573365#2058557454,0,0.43078357,0
4944832122#4839116720,0,0.40148562,0
49577430316#171824357717,1,0.42141262,0
4231530282#76157113368,0,0.41822174,0
416021357693#2054781182,0,0.42427686,0
2057290397#76157113368,0,0.41821226,0
3673230409#4383857081,0,0.39693847,0
51398636035#2055448044,0,0.40377024,0
5053698926#4913830867,0,0.4098714,0
4704351814#4704351850,0,0.41024935,0
3719861028#4726063649,0,0.4304679,0
1307862087#2255999084,1,0.41033167,0
4642851315#4332430854,0,0.41180256,0
5183122220#74413943621,0,0.40847456,0
4943160331#86626661064,0,0.42358977,0
4416668619#3235993266,0,0.42542434,0
4301010066#3633303372,0,0.42252085,0
3074302372#2118636976,1,0.41543928,0
3692837048#3719861029,0,0.4205389,0
211516818734#335140369784,1,0.42185703,0
4970527567#2098918003,0,0.42955816,0
4231530282#3967292640,0,0.4043798,0
4161797606#4455450028,0,0.4176515,0
4095205192#4898642048,0,0.40720788,0
3048645894#3915028298,0,0.41705394,0
2118636976#4091678030,0,0.4286132,0
4651001595#1802227379,0,0.41894686,0
4464736913#3831256267,0,0.42384708,0
3507037384#1639155385,0,0.4255426,0
35840895191#19200751877,1,0.42361388,0
3881670110#3954647267,0,0.41494203,0
4455910772#4439261964,0,0.4167139,0
1665926511#3949325253,1,0.43027756,0
3915028298#1423045778,0,0.42017093,0
3514514633#1578942207,0,0.42968208,0
3915028298#1791708206,0,0.4099079,0
1409311663#1960991500,0,0.4212787,0
3634100347#4123794186,1,0.40623853,0
4535930871#4480087497,0,0.43055907,0
4951787449#3954647267,0,0.42521262,0
3045169703#4851625903,0,0.39772955,0
4959321230#4015322905,0,0.41401473,0
70918981766#1363286477,0,0.42110246,0
92453078646#142083478286,0,0.41933796,0
1646206854#4439426144,0,0.42286974,0
3954861346#4701256303,0,0.4174863,0
4644858323#3881670110,0,0.42933708,0
1487880541#1485299250,0,0.40996504,0
2074402075#2114283351,1,0.4229029,0
2063875873#3072527640,0,0.43199858,0
4037072294#1431837978,0,0.43629932,0
3236071545#2016174783,0,0.41995734,0
1960991500#1867208609,0,0.43166956,0
4201800596#4015177495,0,0.40003154,0
5215138753#97736798616,0,0.41681355,0
128510350084#3710757111,0,0.407094,0
1457252585#1639143131,0,0.4155659,0
4673542718#3831306920,0,0.41845572,0
1950837411#5196858530,0,0.41346446,0
507856838174#4419563623,0,0.40363085,0
87820911338#1608452100,0,0.42870978,0
4643808116#2110845313,0,0.41116172,0
4959796164#4969770563,0,0.4289502,0
422592070627#2066608237,0,0.42564303,0
2057336614#4439426144,0,0.40463686,0
54353744279#2061609249,0,0.40332904,0
1653994308#4475471841,1,0.4156836,0
1653994308#3860598463,0,0.42044216,0
3257238638#4674188079,0,0.42821583,0
76471735803#3042130107,0,0.39809874,0
173221389924#5174266018,0,0.40222654,0
5110224221#2106691106,0,0.4145357,0
61480810216#4549189933,0,0.4134094,0
1743158949#1961624635,0,0.43017396,0
5059287828#2215543173,0,0.40286133,0
4535930871#4639939654,0,0.4281447,0
4717447481#4717447491,0,0.4299496,0
4442404182#3634100347,0,0.43170503,0
4196516579#3235993266,0,0.39484224,0
3991545309#4344502942,0,0.4232345,0
2055375491#4571231312,1,0.40688756,0
4676945807#4697566414,1,0.42956743,0
4945184061#1578942207,0,0.42222184,0
3045169703#3124123344,0,0.40401348,0
4699490403#3964333871,0,0.41976228,0
65121698593#2074788669,0,0.42851922,0
3528447762#2073951091,0,0.42755595,0
2064252516#4479612011,0,0.4261988,0
4001640647#4176268600,0,0.4270063,0
1731076012#1312624571,0,0.42383415,0
158860974845#5091621114,0,0.41858467,0
4219305672#3831256267,0,0.41511828,0
3757477006#128510350084,0,0.40919486,0
2625020262#2625041725,0,0.40763426,0
2058919336#2072277707,0,0.43165833,0
1701502009#3892158791,0,0.42894986,0
1805797091#1506416355,0,0.42667526,0
3967431645#3954647267,0,0.41962978,0
3026064813#1803263230,0,0.41607988,0
1593907976#422592070627,0,0.4143007,0
4206296451#4325771526,0,0.4197812,0
97736798616#3046594621,0,0.42840064,0
4506526792#3818902117,0,0.41757074,0
2056240035#3235715171,0,0.4163518,0
4898642048#162694238096,0,0.4111505,0
1840606003#4001640647,0,0.42306444,0
4651001595#4279780621,0,0.40738556,0
5066826501#5206080225,1,0.42819598,0
4813716345#2055885528,0,0.41392684,0
4573406193#133524814102,0,0.42838675,0
3818902121#4200561878,0,0.42086616,0
4898642048#372481782919,1,0.41824022,0
4541783818#4535930871,0,0.430911,0
3279454241#2057336614,0,0.3996543,0
2045415682#4974935530,0,0.4159737,0
1543994516#4329287476,0,0.42129964,0
4673250183#5122647668,0,0.40824336,0
4233841850#4684230132,0,0.42022985,0
4851625903#18468637596,0,0.4247515,0
108005767633#1990355406,1,0.4264845,0
3887327251#1437065018,0,0.41427583,0
4790722269#4824413800,0,0.42165983,0
4642851315#3808180428,0,0.3930208,0
4206177622#3507037384,0,0.40058056,0
2120851333#2060201792,0,0.424377,0
2119398048#4654875230,0,0.412108,0
3719861029#41204352605,0,0.4273488,0
4851625903#128510350084,0,0.42170537,0
4888451505#5049710453,1,0.4043866,0
2138727017#3938878589,0,0.43801317,0
92453078646#1628142291,0,0.42124417,0
2055377608#110748797879,0,0.43230993,0
2079134592#1639859238,0,0.43191925,0
5107794424#1512751759,0,0.4232607,0
135661505013#3891995517,0,0.41898587,0
203971666705#142083478286,0,0.41661808,0
3860598463#4573406193,0,0.43087307,0
4416668619#4087558268,0,0.42597607,0
4999242335#1487880752,0,0.42161372,0
550633511658#5169189544,0,0.41501763,0
156277193948#135661412204,0,0.42037317,0
3559141873#3559141878,0,0.4230192,0
1838279516#1961624635,0,0.42487517,0
72738144006#2107271656,0,0.42504704,0
96782388307#5095472183,1,0.42194575,0
18468637596#1639155385,0,0.41783082,0
4572223100#550633511658,0,0.4394242,0
4687269370#1541880573,0,0.42449316,0
2452901483#3093229304,0,0.4208472,0
3046416439#4001640647,0,0.42910817,0
1741741476#2055375491,0,0.40678984,0
4415632493#117735755969,0,0.42284808,0
2118674361#117735755969,0,0.4139601,0
3401731422#2073951091,0,0.41103035,0
3930414032#1773082332,0,0.42465293,0
20439929902#1639859238,0,0.41887316,0
4123535150#4200562007,0,0.4088027,0
3576237737#1848740243,1,0.42035702,0
142083478286#3055389286,1,0.42540568,0
3293868386#2070010942,0,0.42555684,0
1472770701#4572590009,0,0.42119926,0
294499666073#152647301573,0,0.40464753,0
5031406959#5165641659,1,0.3988844,0
4161954899#23236172957,0,0.42458904,0
4233841850#3954647267,0,0.4063967,0
4696502795#4489623613,0,0.42487288,0
4200562007#3818902117,0,0.42200398,0
4823759244#2070900453,0,0.42164576,0
3438816546#1688696995,0,0.4075307,0
10573596223#4157735958,0,0.41708848,0
4279780621#2296560316,0,0.4210043,0
4643808116#23188819996,0,0.4157202,0
4464736913#2111146548,0,0.4239461,0
5090005176#5087832312,0,0.41991386,0
2120472151#2073958683,0,0.4299369,0
4464736913#4425549180,1,0.41800198,0
4969770563#4944832122,0,0.42369908,0
4355935019#4355935020,0,0.398189,0
3045588874#1639143131,0,0.40670764,0
4636350698#4134047757,1,0.42116156,0
1712044201#3926916973,0,0.41522747,0
4099060832#4572640157,0,0.42623758,0
3490251569#4704351814,0,0.40180463,0
4015322905#2055375491,0,0.41016787,0
2057634508#2061712594,0,0.4291793,0
4514268207#3044853716,0,0.4388375,0
3938878589#3072527640,0,0.4389014,0
5169189544#2343156405,0,0.4138472,0
2060575805#5066791120,0,0.43182638,0
4057371579#2756868325,0,0.42090458,0
1751364880#323421711132,0,0.43193743,0
1480039773#4719266320,0,0.39264956,0
4272900036#1741741476,1,0.39709553,0
110021560021#4635890199,0,0.42633575,0
4697566414#2111138171,0,0.42141512,0
1646111781#1961624635,0,0.42143697,0
4523681885#3214249594,0,0.42565894,0
4134941234#2676652265,0,0.42286915,0
1751364880#1961624635,0,0.42235255,0
1401982699#18468637596,0,0.43045744,0
1772710082#4272900036,0,0.416044,0
3559141873#1438326380,0,0.42528605,0
85742590406#1628142291,0,0.42890617,0
3824422542#4641375710,0,0.42922786,0
2066509476#1701333923,0,0.4287438,0
1746426028#133162664120,0,0.4171112,0
2098918003#96073549554,0,0.42233458,0
171824357717#2756868325,0,0.42115468,0
4673540369#2076367337,0,0.41326198,0
3718660092#3576237737,0,0.4223743,0
335230005323#1512751759,0,0.42554548,0
97736798616#4696502795,0,0.42287844,0
4157401170#4473639064,0,0.43461746,0
207032695430#1416629632,0,0.4309817,0
1593907976#4451212061,0,0.4048558,0
3114734058#3559141878,0,0.42061034,0
4702376819#2055448044,0,0.42562792,0
4746512285#3046594621,0,0.43283403,0
485901844230#4219781521,0,0.4235807,0
4383857081#4893420383,0,0.3977737,0
4355935019#3845653710,0,0.41878045,0
4320035753#3908809138,0,0.41384053,0
2115121510#76471735803,0,0.4118823,0
412747360553#4476079587,0,0.42623892,0
3772624980#1647227082,1,0.42628375,0
4836816015#3446005398,0,0.43233255,0
3044853716#4673250183,0,0.41651604,0
1653994308#2176856626,0,0.42147437,0
4726067654#3045169703,0,0.41639578,0
1644318212#4679556582,0,0.4176828,0
4657604028#5174644144,0,0.42489222,0
3446005398#3032539281,1,0.43965375,0
4843658591#4450624363,0,0.4089249,0
1504469558#1391516565,0,0.42155856,0
203971666705#2058389382,0,0.43100294,0
1772705112#4222409905,0,0.416733,0
5319073917#2076000953,0,0.422911,0
17373109457#29401716667,0,0.4311876,0
4644858323#4445134769,0,0.42246383,0
4506526792#3673230409,0,0.42478395,0
4893654052#2076367337,0,0.42852992,0
4808134153#1688696995,0,0.42871106,0
2067590020#4676945807,0,0.40487692,0
2061609249#4387192350,0,0.39760694,0
4465948199#3048645894,0,0.41175863,0
3937838359#1593907976,0,0.4096629,0
244380536377#4285435367,0,0.42242923,0
1316806291#4087558268,0,0.43135047,0
