pair_id,label,probability,prediction
2070627808#2056478070,0,0.1050022691488266,0
4479070818#4323500485,0,0.20493973791599274,0
2455800880#4972894326,0,0.7605865001678467,1
4593095274#3214249595,0,0.004758190829306841,0
4206242446#4206267336,0,0.9310015439987183,1
3551393318#3513178266,0,0.6985061764717102,1
2078774568#4672808661,0,0.0010114237666130066,0
4643718292#4200577198,0,0.005982283502817154,0
4401870234#2058148983,0,0.0010271574137732387,0
2069774757#3431879179,0,0.0986626073718071,0
4256622048#4346970606,0,0.0010419620666652918,0
3764759336#4034038494,0,0.125867560505867,0
2114341514#2062075977,0,0.8994712233543396,1
6015919609#1557919756,0,0.004376716446131468,0
1701333916#2026258516,0,0.00034796210820786655,0
3903296442#1953270965,0,0.8173060417175293,1
4435686270#1574873794,0,0.7364634275436401,1
18465816919#2057811649,0,0.00277471961453557,0
1728174549#4991881534,0,0.15701542794704437,0
8431814058#1627587582,0,0.00034836886334232986,0
4804861605#4780994423,1,0.8321949243545532,1
4851901157#1326086493,0,0.0006820275448262691,0
1639219119#2296574953,0,0.7022097706794739,1
2062845102#2235828707,0,0.003939042333513498,0
4656986610#1437868238,0,0.0004031954740639776,0
1818739935#4457149562,0,0.0003472304088063538,0
4641374150#2115880476,0,0.000933616713155061,0
1438441444#3642422898,0,0.7474159002304077,1
3836576451#3836676657,0,0.5185554623603821,1
1914706723#3054671141,0,0.0010586556745693088,0
2057342439#4206269897,0,0.0008359879138879478,0
3108657350#178258449477,0,0.40306228399276733,0
4435528162#4530026053,0,0.7335631251335144,1
4232666143#3055576029,0,0.0005120811401866376,0
2059400154#1639390814,0,0.009392350912094116,0
1401982678#8431809688,0,0.07184400409460068,0
4867542841#4659194738,0,0.0065824119374156,0
3044025040#3411721643,0,0.7862433791160583,1
4581502608#4538419241,0,0.003483288222923875,0
1905948078#1394397775,1,0.8543005585670471,1
1701333916#1374772535,0,0.49616125226020813,0
3557197892#2247165276,0,0.00046022451715543866,0
1537709311#4209814745,0,0.4866749048233032,0
4572636295#4535941097,0,0.22511273622512817,0
5037293131#4898626808,0,0.00067118089646101,0
5096293410#1457252585,0,0.00028496532468125224,0
2026258521#2026258520,0,0.4328593313694,0
4354044382#1416528046,0,0.04292761906981468,0
1639219119#2359435242,0,0.0015507828211411834,0
14613469834#4535949395,1,0.7352831959724426,1
4589595738#4619195159,0,0.25144919753074646,0
4451288784#3446029040,0,0.8833253383636475,1
2058563113#202363939789,0,0.005690248683094978,0
1437868238#4628867825,0,0.00043123873183503747,0
2068436073#4129122420,0,0.0013479134067893028,0
1640340946#1811606488,1,0.7050690650939941,1
102514982310#1914706723,0,0.0007506690453737974,0
4176217131#3032709817,0,0.8982729315757751,1
2114716134#3903296442,0,0.456478476524353,0
4944579314#2055886100,0,0.022807681933045387,0
2275666316#1711687490,0,0.003468126757070422,0
2062770841#2067377960,1,0.9556454420089722,1
2977755545#50016874555,0,0.0008753308793529868,0
50602314209#4471122121,0,0.6297219395637512,1
4479096588#4261185678,1,0.07487422227859497,0
97115452949#4479095804,0,0.0009043283062055707,0
3487828521#1594535010,0,0.0004666342865675688,0
6871473475#4065721591,0,0.0007686683093197644,0
2092174215#1816430010,0,0.004978425335139036,0
2183968048#1374772550,0,0.000722105847671628,0
1914403252#4206242446,0,0.00276509509421885,0
3289002540#3289002505,0,0.15057021379470825,0
4298588573#3772512066,0,0.6649759411811829,1
3836676657#4542321633,0,0.4927828013896942,0
4022447951#14613456118,0,0.003201192943379283,0
29608029868#4915591396,0,0.0006240255897864699,0
4867542841#4657354294,0,0.0012274454347789288,0
3525845999#1316058339,0,0.0008820266812108457,0
3791139342#2314360284,0,0.001068070181645453,0
5018389488#4538419241,0,0.00046510863467119634,0
1639390814#1430988070,0,0.000399439042666927,0
2150036453#3926867260,0,0.05128965526819229,0
3642422898#3107598853,0,0.7586408853530884,1
1640340946#4408616491,0,0.0007145688286982477,0
4405676807#4304261357,0,0.6651926040649414,1
3882201915#4572374020,0,0.004693357739597559,0
75959618233#2135054445,0,0.0005767247057519853,0
4973150488#1639390814,0,0.0010925520909950137,0
4304261357#4214739605,0,0.6430371999740601,1
4454965094#4450888165,1,0.8233856558799744,1
2111350136#2113288221,0,0.45470672845840454,0
2169220658#5165108496,0,0.672126829624176,1
1816428069#3227376447,0,0.6600611805915833,1
2119398744#2165015487,0,0.7030388116836548,1
1784900254#97115452949,0,0.001303947763517499,0
146777938215#364679238122,0,0.006635481026023626,0
8431809688#53263275323,0,0.00046303242561407387,0
4215038721#4726704241,0,0.0005829358706250787,0
2727127831#4202096119,0,0.8076688647270203,1
2062766801#2113760999,0,0.4535912573337555,0
4231111906#4232471781,0,0.38351765275001526,0
3794247232#2727127831,0,0.5545288920402527,1
3269719212#2066246683,0,0.0322519913315773,0
4003298247#4397595587,0,0.48043036460876465,0
4272843119#3836676657,0,0.024239253252744675,0
1811606488#2452901483,0,0.7784920334815979,1
2061309144#2059483876,0,0.4817480742931366,0
14613464513#146011937628,0,0.015280567109584808,0
3347114660#4687116172,0,0.0014496676158159971,0
3580539229#1701333916,0,0.00562559487298131,0
18468188878#4658620132,0,0.0006466320483013988,0
1840606003#4149299298,0,0.0006675008335150778,0
14613588147#14613464473,0,0.09569713473320007,0
3794247232#4898626808,0,0.04464040696620941,0
1646144729#1427286361,0,0.00044878380140289664,0
2054657150#4761512241,0,0.0008228166843764484,0
5318769457#5169257623,0,0.0014325638767331839,0
1635692869#2058316912,0,0.26464933156967163,0
2057685237#4165585148,0,0.003773389384150505,0
4489521100#3439202323,1,0.8077937960624695,1
2338916683#3770456617,0,0.0013719105627387762,0
3461052410#3259289288,0,0.00506948446854949,0
5318769457#5210078086,1,0.6859448552131653,1
4259241183#2074458538,0,0.3716702461242676,0
4542039020#4761512241,1,0.6949267387390137,1
2066509477#1718471304,0,0.002596588572487235,0
4542386587#1656969942,0,0.16877713799476624,0
4210986952#46983614517,0,0.0004605479189194739,0
2124411604#4232471781,0,0.0009444138850085437,0
3628533316#3446029040,0,0.0014193989336490631,0
2604119334#2027890207,0,0.001004491001367569,0
54158093151#4479070818,0,0.0012590386904776096,0
2455800880#2118416856,0,0.000670325243845582,0
2027929598#4450602322,1,0.5309863686561584,1
3501285885#1639699607,0,0.0010998385259881616,0
2075914534#3054434630,0,0.18370236456394196,0
4483987744#5154681248,0,0.0011067722225561738,0
4643943359#2296451977,0,0.9087494611740112,1
5173394727#146011948003,1,0.6781045794487,1
4687116172#1347237190,0,0.0012232378358021379,0
3882201915#2122362220,0,0.07148928195238113,0
1752749942#4247271139,1,0.7467818260192871,1
1770010645#55721888445,0,0.00039297068724408746,0
4699280965#1694379811,0,0.0014014155603945255,0
4130010417#4448830722,0,0.6096728444099426,1
1313607746#4726704241,0,0.0005843702238053083,0
4620685919#4718263231,0,0.0590474009513855,0
3609077013#3474372520,1,0.9226037859916687,1
4272885125#1701333916,0,0.00029163603903725743,0
4316999113#4176217131,0,0.0009390094201080501,0
3831256267#4542039020,0,0.0007156466599553823,0
1914403252#4479070818,0,0.003238705452531576,0
2113288221#3903296442,1,0.7013843059539795,1
4804861605#4130010417,0,0.0021608881652355194,0
2068602973#2078774568,0,0.4404183626174927,0
157726428514#167570408533,1,0.5901029109954834,1
422592070627#14613456118,0,0.0016083837253972888,0
2092938385#2057986140,1,0.6633815765380859,1
1701333847#1398443073,0,0.7319185733795166,1
18466210670#4750249486,0,0.0010317267151549459,0
4589678847#4619195159,0,0.26279908418655396,0
2111041560#2056078364,0,0.5383184552192688,1
3050045988#1951195150,0,0.7864187955856323,1
3227376447#1813034413,0,0.7069718241691589,1
3347114660#1427286361,0,0.00040346579044125974,0
117154450703#3999176481,0,0.0005295948358252645,0
4898626808#3046471496,0,0.003232748946174979,0
3108657350#5183692300,0,0.0009183358051814139,0
1653994308#4613276653,0,0.8881497383117676,1
50602314209#53263275323,1,0.8909282684326172,1
2111041560#1694379812,0,0.22870653867721558,0
4034038494#2338916683,0,0.0006873633246868849,0
2296493468#4535949395,0,0.5631628036499023,1
373850283306#3054671141,0,0.0010705966269597411,0
100995265790#1633806208,0,0.21354226768016815,0
4635981164#4825375981,0,0.08065089583396912,0
4289086328#3836576451,0,0.622880756855011,1
1557919756#1319944364,0,0.8602837324142456,1
2092610519#3269719212,0,0.05539562180638313,0
3594649033#3359180524,0,0.6455432772636414,1
5090005101#212394033260,0,0.0005557979457080364,0
125323389433#4223934140,0,0.34442248940467834,0
4656986610#2168053481,0,0.05868605896830559,0
4259429802#4260680249,0,0.6456896066665649,1
3929215225#2007847537,0,0.015448475256562233,0
14613588147#54158093151,0,0.3228994607925415,0
4479096850#107725296889,1,0.2421686351299286,0
4161797606#4132281843,0,0.14102531969547272,0
1903466347#3487828521,0,0.03230239823460579,0
2058316912#4851901157,0,0.8180087804794312,1
1810185303#3557197892,0,0.019647641107439995,0
3236601708#1438326380,0,0.000910094182472676,0
2124411604#4536041187,0,0.0006649246206507087,0
1684789889#2977755545,0,0.001639629597775638,0
1382214880#2111041560,0,0.7630423307418823,1
18468695966#2068602973,0,0.6758071780204773,1
4926426630#114453608394,0,0.04714738205075264,0
2003710867#3630377420,0,0.7855575680732727,1
219547393842#2114341514,0,0.004674247000366449,0
378133536273#2455842713,0,0.001860484597273171,0
3404019592#1847712017,0,0.6159204840660095,1
2114341514#8431809688,1,0.8894680738449097,1
1533602348#3594649033,0,0.777009904384613,1
2254264382#23230310067,0,0.4765174388885498,0
4667944802#3648904906,0,0.003972114995121956,0
2119476678#3644272514,0,0.1064176857471466,0
4215038721#4451124306,0,0.4402812719345093,0
4705583754#4735432768,0,0.4296083450317383,0
2007329552#5018368651,0,0.0014832372544333339,0
156277207697#3401731422,0,0.00039096915861591697,0
2111350136#19705527158,0,0.0004417337477207184,0
4687116172#107725290582,0,0.0016398403095081449,0
2026258516#1565913509,0,0.0020388413686305285,0
2115151765#2281691154,0,0.7635647058486938,1
2455800880#4972894677,0,0.7371901869773865,1
10530767652#10175162517,1,0.7676176428794861,1
2079572106#2075416140,0,0.4235897958278656,0
4417849752#18467669365,0,0.00040591764263808727,0
1701333916#1543155210,0,0.0006362023996189237,0
1712080073#2314360284,0,0.0003905245685018599,0
564144132292#4232471781,0,0.0010651367483660579,0
378133536273#1416827061,0,0.002035533543676138,0
4549189933#3114734058,0,0.004603100474923849,0
4623949166#1751364886,0,0.7874453663825989,1
3550979323#1816427364,0,0.00041163747664541006,0
2074019451#2058148983,0,0.0005802595405839384,0
4489521100#21269204096,0,0.00027694256277754903,0
1477156406#309312101477,0,0.0007361615425907075,0
3629624977#2111818909,0,0.0013739210553467274,0
2338916683#2339749085,0,0.4251098334789276,0
3055576029#2115880476,0,0.0006353931385092437,0
22859701254#2117948923,1,0.5296486616134644,1
1497880313#4215038721,0,0.002695058472454548,0
3439202323#2003336437,0,0.0013712478103116155,0
1537709317#4057032761,0,0.004804241470992565,0
1727736762#1712570793,0,0.5474634170532227,1
4623947495#309312102749,0,0.601172924041748,1
4867542841#3896058143,0,0.000462774041807279,0
3882201915#4391919171,1,0.3760547637939453,0
4298588573#4641374150,0,0.5789514780044556,1
1326086493#2057685237,0,0.07293175160884857,0
3648904752#3669306485,0,0.566024124622345,1
3848611844#4451288784,0,0.005241908598691225,0
3648904752#2113288221,0,0.01258279848843813,0
3359180524#4726704241,0,0.9108562469482422,1
1646206864#4176217131,0,0.2315748929977417,0
2275666316#3052165975,0,0.0004931448493152857,0
4451342506#4157381557,0,0.001382377347908914,0
3831256267#4549189933,0,0.7312809228897095,1
2066509477#97115452949,0,0.0038813261780887842,0
5096293410#2058316912,0,0.00022290804190561175,0
10530767652#1903466347,0,0.018928052857518196,0
4680203965#4643011415,0,0.0006511484389193356,0
309312101477#4623934568,0,0.8562930226325989,1
4451089335#2254264382,0,0.21845774352550507,0
2452901483#343200247912,0,0.0018600878538563848,0
4285709211#4316999082,0,0.6335821747779846,1
309312102749#1718471304,0,0.0030828567687422037,0
14613461939#4658620132,0,0.0007328262436203659,0
5041670056#4913742546,0,0.7371267080307007,1
1382214880#2133358535,0,0.7655268311500549,1
3214249597#60367707728,0,0.0010024708462879062,0
4215038721#2056478070,0,0.003448538249358535,0
150594502346#2059052537,0,0.00044768760562874377,0
3633572726#2092610533,0,0.007702335715293884,0
1427286361#1477293192,1,0.6460177898406982,1
18465721026#4495044650,0,0.0007578336517326534,0
1656969942#1654102057,1,0.007447121199220419,0
3075628047#2027838359,0,0.0024190947879105806,0
4232666143#4657354285,0,0.01701623573899269,0
79993360240#364679238122,0,0.0006374192889779806,0
4579172309#3557197892,0,0.10316810011863708,0
2054657150#4636381625,0,0.001928372192196548,0
49857216438#4346970606,0,0.0012842151336371899,0
4535949395#4479096588,0,0.00045722239883616567,0
343200247912#4623934568,0,0.005419109482318163,0
4620685919#2056662276,0,0.0006633257726207376,0
4663785560#4667944802,0,0.8051903247833252,1
4065721591#3485676898,0,0.0007776494021527469,0
2180579787#2183963548,0,0.33671343326568604,0
87820911338#3791139342,0,0.001794560463167727,0
4658620132#2298730254,0,0.0008953724754974246,0
3349756713#167570408533,0,0.00030391855398193,0
4384403228#1721524699,0,0.001155569450929761,0
4195993580#1646275700,0,0.4918926954269409,0
4450888165#1780678934,0,0.2575565576553345,0
3860948251#2058132898,0,0.017268354073166847,0
4274235353#86283717806,0,0.0029865452088415623,0
422592070627#4631852445,0,0.0008437603246420622,0
4538419241#1395111624,0,0.0011848513968288898,0
3550979323#564144132292,0,0.3922156095504761,0
4215058789#4057032761,1,0.5195320248603821,1
5096293410#1848008894,0,0.0005088908947072923,0
2061673563#3934602500,0,0.5436779260635376,1
5210078086#1565925308,0,0.00024161858891602606,0
2551494872#5003601219,0,0.016780423000454903,0
5185236541#4196030610,0,0.01575169712305069,0
10530767652#3487828521,0,0.500084400177002,1
2159739481#1694379811,0,0.3087548315525055,0
53263229623#53263275323,0,0.7299591898918152,1
1537709317#1537709311,0,0.7541133761405945,1
3903241588#4943818903,0,0.001549379201605916,0
5037293131#2135316663,0,0.0007450471166521311,0
3259289288#7026230674,0,0.8277150392532349,1
2062766088#4643898157,0,0.0009312295005656779,0
1374772550#1398443073,1,0.5261625647544861,1
146011937628#1656969942,0,0.5878770351409912,1
47752312088#4140165052,0,0.0025443497579544783,0
1994805938#2199135578,0,0.6801952719688416,1
4206224036#4659194738,0,0.0008561310824006796,0
1430988070#2359435242,0,0.4365389347076416,0
4155510577#4040016243,0,0.661078155040741,1
1316058339#1319944364,0,0.8153253197669983,1
3628533316#3954668240,0,0.0007370635285042226,0
3926867260#3361906432,1,0.44602376222610474,0
4226659635#4232471781,0,0.04366658255457878,0
3831256267#292830032329,0,0.001790730282664299,0
1721524699#2114049002,0,0.0035050837323069572,0
1386747994#1395111624,1,0.7670086622238159,1
1528865186#2057145715,0,0.48519420623779297,0
3550979323#4157551094,0,0.0004722553421743214,0
3501281334#4150903563,0,0.792005717754364,1
2062770841#422592070627,0,0.0011862687533721328,0
4223043910#1867286717,0,0.18073609471321106,0
4057032761#2163049577,0,0.009189490228891373,0
3361906432#3411721643,0,0.30617332458496094,0
3431879179#4572374020,0,0.001469317707233131,0
3612961288#3999176481,0,0.5288832187652588,1
38406123057#4642512906,0,0.07007711380720139,0
2057145715#2063588766,0,0.0033453081268817186,0
45531943201#5027483278,0,0.49947649240493774,0
124021630369#2727127831,0,0.0008003443945199251,0
3363370353#3419405027,0,0.7920559644699097,1
2058278464#1635692869,0,0.0004808091325685382,0
14613469834#314601953357,0,0.0006353622884489596,0
3347114660#4272137501,0,0.7238892316818237,1
3403917033#4316999113,0,0.002362780971452594,0
4581502608#1537709308,0,0.001022214419208467,0
4828387554#3849817492,0,0.032132647931575775,0
1741741476#4680204120,0,0.6745965480804443,1
4804861605#3470148182,0,0.004308726638555527,0
1415647813#7161172305,0,0.028271064162254333,0
1565913509#1456843034,0,0.0004885654198005795,0
2148153592#2113760999,0,0.6790977716445923,1
1528865186#4489521100,0,0.0005328346160240471,0
5007075941#5027483278,0,0.7718560099601746,1
4840773591#4841409785,0,0.001384175498969853,0
187508564338#2064229512,0,0.0010014557046815753,0
212771874474#4755359264,0,0.00192711700219661,0
4628467232#4065721591,0,0.0006228092825040221,0
580549064505#3881831374,0,0.0012047969503328204,0
3920807098#1709057480,0,0.0034981518983840942,0
1312695289#3044853716,0,0.3148918151855469,0
4534359957#187508564338,0,0.014293069019913673,0
4900378668#2199135578,0,0.0037211377639323473,0
18467925256#18465851371,0,0.6718244552612305,1
49857216438#3609077013,0,0.001047890167683363,0
2066624968#4570764341,0,0.7840988039970398,1
3954668240#3054671141,0,0.0042902445420622826,0
5087832312#5090005101,0,0.0026923927944153547,0
1751364880#1502384801,1,0.04698438569903374,0
4742698844#1843271409,0,0.003469056449830532,0
1840606003#1319944364,0,0.8177416920661926,1
50602309472#60367707728,1,0.5186469554901123,1
1453532038#1646275700,0,0.39585942029953003,0
1696095096#1627738213,0,0.0007991063757799566,0
2059052537#14613588147,0,0.00036186884972266853,0
2359435242#2116342008,0,0.9036551117897034,1
5167083430#18465721026,0,0.8083884119987488,1
2070791273#1419344414,1,0.7662675976753235,1
5007075941#1778563595,0,0.0039657908491790295,0
4129122420#1398682725,1,0.8462454676628113,1
4657354285#18467669365,0,0.001281067030504346,0
4993036319#113196401893,1,0.7426065802574158,1
3108657350#2111818909,0,0.5200265049934387,1
3032709817#2075240892,0,0.0006347555317915976,0
109165560395#2059052537,0,0.0006923067267052829,0
4643943359#2062766088,0,0.0013595153577625751,0
4439737347#4439737367,0,0.6029646992683411,1
4401870234#1416301524,0,0.002001373330131173,0
3032709817#4715847880,0,0.0024717235937714577,0
1634282673#1712570793,0,0.44626978039741516,0
3408556286#4900256072,0,0.0009201417560689151,0
4584646241#1497939109,0,0.010005207732319832,0
4437827660#4439737367,0,0.38318297266960144,0
1316058339#2058316912,0,0.001577427377924323,0
146011937628#3061887519,0,0.3644380271434784,0
79993360240#3055576029,0,0.4047333896160126,0
1951195150#4755359264,0,0.006459005177021027,0
237523614768#435372126625,0,0.004095115233212709,0
1696438060#1415647813,1,0.48820364475250244,0
2059400154#2113760999,0,0.1128726676106453,0
4439737367#4536450435,0,0.30409932136535645,0
3551872495#4792436579,0,0.000889902759809047,0
3050045988#2074458538,0,0.19964098930358887,0
2115151765#1728174555,0,0.00220513716340065,0
111110399548#150594502346,0,0.8014139533042908,1
38202857246#2148153592,0,0.0007238279795274138,0
2977755545#4195960848,0,0.0013154704356566072,0
4444196403#5215138753,0,0.002919367514550686,0
7161172172#7161173338,0,0.7187599539756775,1
18468687381#18468695966,0,0.46561524271965027,0
3628839716#3474685537,0,0.7149275541305542,1
3628533316#2092174215,0,0.00190077256411314,0
4841409785#4417818851,0,0.031210754066705704,0
4470296934#1816929342,0,0.0004150412860326469,0
1438483240#2062845102,1,0.7087161540985107,1
3880409698#3651289412,0,0.0025803898461163044,0
107725292534#2112576214,1,0.8312658667564392,1
86626661064#2314360284,0,0.0009106919169425964,0
4593095274#4401870234,0,0.0042153578251600266,0
2075914534#4944579314,0,0.0005357082700356841,0
18466202308#4348295931,0,0.0007429332472383976,0
1574873794#1696095096,1,0.6967096924781799,1
4439426144#97115452949,0,0.0036552955862134695,0
4662042966#4335156801,0,0.003119931323453784,0
2092610536#4643943359,0,0.0004678201221395284,0
4451342506#4479096588,0,0.08435076475143433,0
4470296934#3477269989,0,0.0008166287443600595,0
4748650954#4572636295,0,0.6473273038864136,1
2054657143#4653616782,0,0.011302179656922817,0
2268287413#146778888902,0,0.0022883443161845207,0
4316999113#4348295931,1,0.739601194858551,1
5197586202#4439737347,0,0.0004109678266104311,0
4285491833#2066624973,0,0.006563269533216953,0
3926916973#4535930871,0,0.05512356013059616,0
2977755545#4196030610,0,0.6800351142883301,1
3451234547#3551393318,1,0.6795753836631775,1
4898730640#2063588766,0,0.0009619325282983482,0
1472057117#336556403061,0,0.10703032463788986,0
2115528606#3988152389,0,0.002308505354449153,0
2062867476#2060355842,0,0.0007650560582987964,0
3603201749#2296451977,0,0.0027055859100073576,0
3043492443#4636381625,0,0.0005532598588615656,0
156277208014#1775497794,0,0.0005587858613580465,0
1497939109#2159739481,0,0.7817108035087585,1
2054733437#4439737367,0,0.0003190411371178925,0
38202857246#1951195150,0,0.0017453639302402735,0
4206269897#3299599421,0,0.017276747152209282,0
4843831604#4993036319,0,0.6676376461982727,1
107725296889#107725292534,0,0.3037280738353729,0
2061673563#2066535766,0,0.0004978907527402043,0
2070791273#2175801910,0,0.5263929963111877,1
4210986952#4247271139,0,0.23606517910957336,0
2061309144#1543155210,0,0.49069100618362427,0
4179651570#4272137501,0,0.6269789338111877,1
1848008894#1951195150,1,0.6377344131469727,1
4943818903#4385421396,0,0.004223528318107128,0
2314360284#1548108669,0,0.0014415179612115026,0
1438483240#1570945860,0,0.8827996850013733,1
1520168707#2168053392,0,0.020389515906572342,0
2120472151#156277514294,0,0.001920990995131433,0
2060185514#2057145715,0,0.43425896763801575,0
2071751695#4722721497,0,0.0009811335476115346,0
4209814745#157726428514,0,0.0006395869422703981,0
2056128836#2111818909,0,0.0016372373793274164,0
2176735919#2016866277,1,0.802871584892273,1
3791139342#3967431643,0,0.0008090967894531786,0
2057811649#2068623358,0,0.5255106687545776,1
3633360460#435372126625,0,0.0006282766698859632,0
3913410158#3245545040,1,0.21832706034183502,0
5031406959#4952978442,0,0.5460991263389587,1
86283717806#1456843034,0,0.0005100794369354844,0
156274514359#4535949395,0,0.46820762753486633,0
2336490445#3075628047,0,0.03560546040534973,0
4804861605#1848008894,0,0.0011183246970176697,0
4584646241#3949154929,0,0.5287251472473145,1
2062782802#2062766801,0,0.2949850261211395,0
4952978442#1313607746,0,0.011846470646560192,0
14613588147#3880409698,0,0.0007072879816405475,0
117154450703#111110399548,0,0.628274142742157,1
4667944802#3772512066,0,0.5754143595695496,1
3648904906#3648904752,0,0.6253693103790283,1
5173394727#4161797606,0,0.0003807135217357427,0
1816929342#1694379811,0,0.009157474152743816,0
38202856033#38448881724,0,0.7860291004180908,1
3550931655#2066246683,0,0.225078284740448,0
1914706723#1905948078,0,0.48743724822998047,0
138963214044#4730645460,0,0.0008173761307261884,0
4219781521#2181531828,0,0.0016971518052741885,0
4973150488#2455800880,0,0.6393359303474426,1
2058222393#3408556286,0,0.00035444885725155473,0
2180579787#2026258516,0,0.787251889705658,1
343200247912#1477156406,0,0.0006128793465904891,0
2064727359#4272885125,0,0.0985209122300148,0
4662042966#4024663252,0,0.03999631851911545,0
3404019592#3299599421,0,0.0028058458119630814,0
4535949395#2058132898,0,0.0019524975214153528,0
3637042235#4327866563,0,0.0005791735020466149,0
5167083430#2977755545,0,0.009122136980295181,0
14613465315#4972894677,0,0.816150426864624,1
5174571094#2254264382,0,0.5569576025009155,1
4933360994#3046471496,0,0.0008507212623953819,0
2111351705#2111349786,0,0.4941185414791107,0
3629624977#2063839578,0,0.0027398134116083384,0
4256622048#4256926363,0,0.31484726071357727,0
4210985419#2135316663,0,0.0010927993571385741,0
3290843987#4479424072,0,0.8606413006782532,1
4898626808#2058132898,0,0.01515276450663805,0
336556403061#4161797606,0,0.44712206721305847,0
1920503864#4259429802,0,0.5738245248794556,1
2055448044#5018023921,0,0.0003736636135727167,0
2114049002#309670736915,0,0.0007705806056037545,0
4499147142#4929499262,0,0.6460747122764587,1
3772512066#3626237468,1,0.6372148394584656,1
173652977366#197910587768,0,0.7584405541419983,1
2159739481#1438326380,0,0.7698952555656433,1
146777938215#2067179166,0,0.696533203125,1
2057811649#4680203965,0,0.708050549030304,1
4700047151#3055576029,0,0.7706311345100403,1
1453527936#2359435242,0,0.9148204326629639,1
2066509477#4628482537,0,0.8473148941993713,1
5067776785#2111818909,0,0.7354729771614075,1
4536450435#41375214069,0,0.00278835860081017,0
1848008894#18469192585,0,0.0007214280194602907,0
14613464473#54158093151,0,0.20189379155635834,0
2057685237#4444196403,0,0.004432416055351496,0
4673557611#4718263231,0,0.06322912126779556,0
14613464473#2062045929,0,0.0004076767072547227,0
4659194738#4973150488,0,0.001221564132720232,0
3612961288#4130010417,1,0.46919605135917664,0
4755359264#5018368651,0,0.007201164960861206,0
3988152389#4451089335,0,0.8701468706130981,1
4479424072#4196598949,0,0.9341781735420227,1
1817644740#3926867260,0,0.7557418942451477,1
3603201749#4636446230,0,0.8952918648719788,1
3628533316#5128222238,0,0.00043470237869769335,0
4285709207#4348295931,0,0.6618576049804688,1
4746512285#87820905399,0,0.0009587365202605724,0
4176217131#4353960088,0,0.0019502447685226798,0
1741741476#2068623358,0,0.4366157352924347,0
4195993580#1816430010,0,0.14581172168254852,0
4451289887#4470296934,0,0.0006600938504561782,0
5121642074#156893097471,0,0.4778255522251129,0
4147080749#4538419241,0,0.0005521256825886667,0
2112576214#4261185678,0,0.22837871313095093,0
3419405027#3404019551,0,0.8566595911979675,1
3108657350#2148153592,0,0.0019524232484400272,0
1419344414#2027838359,0,0.5893884897232056,1
4657354311#156277207697,0,0.001962136710062623,0
14613465315#1592254485,0,0.0011932406341657043,0
2163049577#4065797638,0,0.004325032699853182,0
2338131041#5128222238,0,0.0008209488005377352,0
4214739605#4941134416,0,0.7286752462387085,1
1548108669#5163452200,0,0.0012248181737959385,0
4808134153#2007847537,0,0.027787279337644577,0
4150903563#4065795443,0,0.9117190837860107,1
4195960848#4145496082,0,0.7163294553756714,1
2168053481#4589595738,0,0.13242045044898987,0
4223934140#4589820532,0,0.717690646648407,1
3651289412#1765891797,0,0.5483660697937012,1
2114341514#18467925256,0,0.9465920925140381,1
4129122420#3400442486,0,0.7485939264297485,1
3438816692#1415647813,0,0.7676047682762146,1
2062845102#5197586202,0,0.00035532901529222727,0
4289077889#18468695966,0,0.0009421342983841896,0
564144132292#138963214044,0,0.0019158143550157547,0
2359474749#1594535010,1,0.7275822162628174,1
1878732185#1914706723,0,0.5041370391845703,1
2075416140#4635981164,0,0.8657742738723755,1
7026230674#156277514294,0,0.0008206903003156185,0
3501285885#395685899087,0,0.48021936416625977,0
2199135578#113196401893,0,0.002367472741752863,0
2057342439#1810185303,0,0.00155232148244977,0
2026258520#2181531828,1,0.759468138217926,1
4589678847#2168053481,0,0.3112722337245941,0
5041670056#2063588766,0,0.8728463053703308,1
1696208496#2027838359,0,0.8539128303527832,1
4456625974#4750249486,0,0.8645691871643066,1
3282474651#5090005101,0,0.0031361652072519064,0
2062766088#2062782802,0,0.32189926505088806,0
4451288784#3446029041,0,0.8345675468444824,1
3896015808#5174571094,0,0.03505881130695343,0
1778563595#197910587768,0,0.008347694762051105,0
2054733437#2070908197,0,0.00037080756737850606,0
2135316663#1312695289,0,0.6457799077033997,1
3517506225#4658620132,0,0.0011000738013535738,0
4658620132#3054671141,0,0.17246754467487335,0
2074458538#2026258520,0,0.001717051025480032,0
38202856033#2168053481,0,0.0004506440891418606,0
4456625974#2061448087,0,0.0028869251254945993,0
174006932062#5173394727,0,0.0006941917235963047,0
3882201915#4391918874,0,0.4123798608779907,0
4514269980#4523728345,0,0.36977285146713257,0
4549189933#1816929342,0,0.41420745849609375,0
4643943359#435372126625,0,0.0016716086538508534,0
174006932062#4004772536,0,0.0011474037310108542,0
3754155310#2027929598,0,0.04858798161149025,0
2061022206#2057685237,0,0.0007306665647774935,0
2069139175#1816428069,0,0.06270676106214523,0
2159452221#32236834289,0,0.000497980450745672,0
3052180518#2061673563,0,0.25626254081726074,0
4570764341#3044853716,0,0.730909526348114,1
2062075977#2065201243,0,0.9062239527702332,1
4145496082#173652977366,0,0.005094063468277454,0
4712246454#3551393130,0,0.00035480924998410046,0
2059124992#1395111624,0,0.0010053919395431876,0
4157381557#4247271139,0,0.2592622935771942,0
5174571094#376973981474,0,0.0004484374076128006,0
3727491058#4289086328,0,0.0005456239450722933,0
4065721591#1696095096,0,0.8997959494590759,1
4435686270#1696095096,0,0.7902820706367493,1
2199135578#2120155505,0,0.5632669925689697,1
2111872187#3227376447,0,0.0005694289575330913,0
14613469834#3501285885,0,0.0009100157767534256,0
3603201749#3926867260,0,0.0012352466583251953,0
4145496082#2329543699,0,0.0007460424676537514,0
4285491833#1920503864,0,0.4464166462421417,0
1633806208#2055377631,0,0.39055582880973816,0
3043492443#5163452200,0,0.001088910736143589,0
2270062912#3551872495,1,0.861314058303833,1
2114049002#4623949166,0,0.46510687470436096,0
4991881534#1712570939,0,0.001713921781629324,0
4040016243#3050045988,0,0.7279017567634583,1
2007934907#4797396841,0,0.000605040870141238,0
2003336437#4259241183,0,0.0003060183662455529,0
4165585148#4210986952,0,0.0007475391030311584,0
4015322905#4015422065,1,0.7059434056282043,1
3806980943#4943818903,1,0.676919162273407,1
3214249597#2159452221,0,0.7163238525390625,1
2359435242#106964376935,0,0.0006241457303985953,0
1307874587#2059052537,0,0.01941884309053421,0
1711852573#2111351705,0,0.0047498769126832485,0
4570764341#8431814058,0,0.0005169048090465367,0
2165015487#1953270965,0,0.6671019196510315,1
4589678847#3628839722,0,0.00041886535473167896,0
10175162517#4656986610,0,0.0004100411606486887,0
4405676807#146011948003,0,0.00039506531902588904,0
4317041484#2119476678,0,0.004948516376316547,0
2176735919#1382214880,0,0.7279568910598755,1
2115528606#1592254485,0,0.001737792743369937,0
2455800880#2455842713,0,0.1531047224998474,0
4450602322#4579172309,0,0.9259695410728455,1
1639219119#1565925308,0,0.0004689789784606546,0
4157381557#4910561821,0,0.6676599383354187,1
4384403228#3709672083,0,0.4749554395675659,0
4223004786#3633572726,0,0.0005746035021729767,0
2055886100#4570764341,0,0.6253674030303955,1
2455800880#4897048724,0,0.00315862731076777,0
1394397775#1565925308,0,0.6981899738311768,1
2079581946#2296451977,0,0.015592523850500584,0
3669306485#4157496031,0,0.0020184211898595095,0
1639901072#4722721497,0,0.0011785182869061828,0
2159452221#3214249595,0,0.7208834886550903,1
4780994423#5060996735,0,0.001968031981959939,0
4437827660#4155408706,0,0.7610925436019897,1
4495500756#4385184631,1,0.5742776989936829,1
4232471781#4232666143,0,0.04488104581832886,0
3474685537#1646206864,0,0.0006970658432692289,0
2026258521#4542321633,0,0.012152143754065037,0
2115528606#6015919609,0,0.0008257023291662335,0
4417818851#5173394727,0,0.0004126153653487563,0
2551494872#3061887519,1,0.10414150357246399,0
3026064813#3630377420,0,0.5545804500579834,1
3490539439#4065795443,0,0.0006988018285483122,0
2062770841#1374772550,0,0.7920886278152466,1
3461052410#1778563597,0,0.7645460367202759,1
4656986610#4589595738,0,0.2402459681034088,0
4214739605#4405676807,0,0.7664353251457214,1
3635733776#4716933437,0,0.00044184952275827527,0
4071233134#4451288784,1,0.841255247592926,1
4327866563#2058563113,0,0.0017062202095985413,0
4952978442#1646144729,0,0.02952825278043747,0
4643011415#3359180524,1,0.8328490257263184,1
580549064505#4657354294,0,0.0005098381079733372,0
2055377631#5037293131,0,0.5221409797668457,1
4285491833#1318260275,0,0.00038231705548241735,0
79993360240#1570945860,0,0.0006733220652677119,0
22859701254#50602314209,0,0.0005060440162196755,0
38202856033#4943818903,0,0.25585803389549255,0
4572636295#4633378534,0,0.22798408567905426,0
3913410158#4206267336,0,0.7771015763282776,1
2058278464#3529095384,0,0.026085305958986282,0
3050152494#2054817755,0,0.25307169556617737,0
107725292534#107725290582,0,0.16244953870773315,0
2066509477#2452901483,0,0.8099448084831238,1
4150903563#3487828521,0,0.9193775057792664,1
2057051387#3551872495,0,0.009509892202913761,0
4200562083#4536450435,0,0.6776140928268433,1
202363939789#10530767652,0,0.03327861800789833,0
1701333847#1374772550,0,0.7319185733795166,1
4735432768#4206242446,1,0.8323462605476379,1
5014897285#3474685536,0,0.003615200985223055,0
38448881724#5095503840,0,0.11710523813962936,0
2079581946#2070908197,0,0.5713936686515808,1
4716933437#1811606488,0,0.8482663035392761,1
1312695289#2066624968,0,0.2512263059616089,0
212771874474#187508564338,0,0.8101935386657715,1
2026069710#4589830735,0,0.005874949973076582,0
4451289887#3446029041,0,0.848712682723999,1
2074019451#4385069368,0,0.002661558100953698,0
4495500756#3550979323,0,0.0005870344466529787,0
3400442486#2059052537,0,0.001409438787959516,0
4206224036#4206267336,0,0.5046160221099854,1
1477156406#4157280271,0,0.8873783946037292,1
4204386191#1416301524,0,0.869080126285553,1
2057685237#4147080749,0,0.005461478605866432,0
2056662276#100995265790,0,0.498923659324646,0
3555205657#4150903563,0,0.5198322534561157,1
4323500485#4748650954,0,0.7401058077812195,1
3594649033#4700047151,0,0.48356181383132935,0
3044025040#4210985419,0,0.0014015896013006568,0
4644140313#4065721591,0,0.036402396857738495,0
3896058143#1816929342,0,0.0009212102158926427,0
1818739935#2065201243,0,0.0005669500096701086,0
4223934140#201663692217,0,0.6361088156700134,1
4442900590#4451289887,0,0.6863629817962646,1
4205538788#4218561827,0,0.0003984291688539088,0
113196401893#2058316912,0,0.8925788998603821,1
237523614768#1574873794,0,0.0009972583502531052,0
4551054156#4535949395,0,0.639592170715332,1
4206224036#4746144353,0,0.0011898305965587497,0
3236601708#3269719212,1,0.9582821130752563,1
2314360284#4259429802,0,0.0017091133631765842,0
4495044650#1497939109,0,0.0013410443207249045,0
3477269989#2275666316,0,0.000644552696030587,0
1537709308#4209814745,1,0.5621368885040283,1
1574873794#4730645460,0,0.0022468133829534054,0
4077473357#3446029040,0,0.591526210308075,1
4065795443#3501281334,0,0.3247016370296478,0
2268287413#2359474749,0,0.6188084483146667,1
1696208496#2070791273,0,0.7173393368721008,1
4604457043#4511530729,1,0.8012082576751709,1
125323389433#50602309472,0,0.00041639027767814696,0
3363370353#3404019551,0,0.40825650095939636,0
3669306485#3289002505,0,0.0022069676779210567,0
5214033793#5031406959,0,0.8754665851593018,1
2120851333#156893097471,0,0.00039290532004088163,0
314601953357#2055377631,0,0.00036718029878102243,0
2061448091#4209814745,0,0.6931583881378174,1
1701470611#1472057117,0,0.011973585933446884,0
41713266437#5007075941,0,0.5457296967506409,1
4155510577#1951195150,0,0.7389772534370422,1
4551054156#4391919171,0,0.0014562959549948573,0
2069139175#4384414279,0,0.0008885792922228575,0
1537709308#87720200914,0,0.06590153276920319,0
1472057117#1728174555,0,0.3076264262199402,0
2078835030#4417849752,0,0.0005502370186150074,0
4291077418#2062045929,0,0.001526606734842062,0
1920503864#4457149562,0,0.0007632221677340567,0
106964376935#10530767652,0,0.0010415149154141545,0
3628839717#3451234547,0,0.5525105595588684,1
1741741476#1438483240,0,0.6784821152687073,1
21269204096#3046471496,0,0.1322656273841858,0
2268304430#3648904752,0,0.0006563340430147946,0
3712801411#4900378668,0,0.005770400632172823,0
395685899087#4196521320,0,0.3780868351459503,0
1307874587#1818739935,1,0.7423476576805115,1
4499147142#5182742886,0,0.3275700807571411,0
2120472151#3903241588,0,0.0003600550116971135,0
1520168707#2056662276,0,0.005169236566871405,0
138962728028#4636381625,1,0.835545003414154,1
4285709207#1816430010,0,0.0018796282820403576,0
291173146171#38448881724,0,0.0018022569129243493,0
2057051387#3419405027,1,0.7563560605049133,1
4040016243#3836576451,0,0.0018338714726269245,0
2064727359#86283717806,0,0.004022907931357622,0
3055576029#4726704241,1,0.6083345413208008,1
4820163687#4323500485,0,0.8030794262886047,1
1751364880#4514269980,0,0.01022595725953579,0
2069985286#373850283306,0,0.004308460745960474,0
4635981164#4623570105,0,0.8315602540969849,1
4330455313#4165585148,0,0.424886018037796,0
2168053481#1520168707,0,0.5584349036216736,1
8431809688#3043492443,0,0.0003515841963235289,0
2057051388#156893097471,0,0.0005796379409730434,0
14613460476#3403897392,0,0.0006832506624050438,0
1816430010#1321409006,0,0.008750892244279385,0
5169557343#3269719212,0,0.00461755832657218,0
4454965094#4663785560,0,0.000432190194260329,0
2159452221#4570764341,0,0.6643614768981934,1
292830032329#3628533316,0,0.001139088999480009,0
4435686270#580549064505,0,0.020965581759810448,0
2111349786#2111350136,0,0.45065632462501526,0
4570764341#4705583754,0,0.0013346468331292272,0
5027483278#5018023921,0,0.7184743881225586,1
3290843987#97115452949,0,0.0007772041717544198,0
1718471304#6871473475,0,0.7630022764205933,1
3550979323#4893633475,0,0.0024046562612056732,0
2339749085#2338131041,0,0.3111691176891327,0
2727127831#3860948251,0,0.049015261232852936,0
3551393130#4330455313,0,0.0007811505347490311,0
5169557343#2117967935,0,0.0007953944732435048,0
1778563597#3485676898,0,0.33336153626441956,0
156893097471#1701470611,0,0.0020696052815765142,0
4414530598#2175801910,0,0.3938744068145752,0
4572380856#2064727359,0,0.002053273608908057,0
4384414279#4353960088,0,0.8273962140083313,1
2066624973#1312695289,0,0.25415295362472534,0
5182742886#4746144353,0,0.0014379950007423759,0
10175162517#4712246454,0,0.00045183536713011563,0
4452060617#4456625974,0,0.8747031688690186,1
110232280082#1816430010,0,0.01596171222627163,0
2071751695#18468695966,0,0.7530739903450012,1
4662042966#4668248026,0,0.7431458830833435,1
53263229623#4514269980,0,0.0010300477733835578,0
5173394727#3061887519,0,0.39809510111808777,0
138962685339#3487828521,0,0.001452569616958499,0
4761512241#2119398744,0,0.011536579579114914,0
5018368651#7161172305,0,0.23678217828273773,0
4034038494#2007329552,0,0.07018974423408508,0
2120155505#4272137501,0,0.7942479252815247,1
2003336437#1311812490,0,0.7948505878448486,1
2115151765#2199135578,0,0.6874701380729675,1
18467669365#2068436073,0,0.046604711562395096,0
4157381557#4210986952,0,0.42213815450668335,0
4542321633#4530026053,1,0.9239779114723206,1
4623949169#4623949166,0,0.9063612222671509,1
4218561827#3920807098,0,0.5242811441421509,1
4435528162#4619195159,0,0.00038590445183217525,0
4274235353#4643938191,0,0.0017551907803863287,0
4272887201#3669306485,1,0.8594480156898499,1
2114716134#2113288221,0,0.37584492564201355,0
5169557343#1627738213,0,0.001546582207083702,0
4439737347#3042764047,0,0.9166257977485657,1
4397595587#4223043910,0,0.4986111521720886,0
1694379812#1694379811,0,0.18802988529205322,0
4893633475#2113288221,0,0.003991485573351383,0
4514269980#4202041822,0,0.24162878096103668,0
18468188878#2071751695,0,0.7939083576202393,1
4792436579#2977755545,0,0.0007556417840532959,0
5163452200#3637042235,0,0.0022982594091445208,0
1688824936#2003336437,0,0.28876417875289917,0
156276677247#4662042966,0,0.0003444920585025102,0
4898626808#2026258516,0,0.0003858391719404608,0
4209814745#2060257095,0,0.00038541440153494477,0
19705527158#3628839716,0,0.0006305982242338359,0
3949154897#4584646241,0,0.5827720165252686,1
4929499262#4828387554,0,0.4258497357368469,0
2298730254#4450888165,0,0.0020046005956828594,0
3644272514#4442900590,0,0.9280259013175964,1
4898730640#3903241588,0,0.0026731418911367655,0
4157496031#1520168707,1,0.25464725494384766,0
2336490445#18465721026,0,0.0004698835255112499,0
1520168707#97014870931,0,0.00044088586582802236,0
4943160331#5208946130,0,0.7219216227531433,1
1712080073#4024663252,0,0.0027202593628317118,0
3913410158#4705583754,0,0.6151635646820068,1
1848008894#4272137501,0,0.00113927130587399,0
4628867825#2168053481,0,0.2946719527244568,0
3446029032#1694379812,0,0.39518046379089355,0
2122362220#4316999113,0,0.25574541091918945,0
3889395495#4202041822,0,0.0008628296782262623,0
4662042966#4718263231,0,0.7160996794700623,1
2026258519#2026258524,0,0.5439208149909973,1
3408556286#3043492443,1,0.4076620042324066,0
4450888165#1962074579,0,0.5184356570243835,1
3648904906#111110399548,0,0.0009766286239027977,0
4913742546#2055448044,0,0.7301703691482544,1
3880409698#2079572106,0,0.0013998782960698009,0
1537709317#4165585148,0,0.0006349678733386099,0
2092938385#1778563597,0,0.0021013091318309307,0
4289077889#1743052872,0,0.0015723851975053549,0
4448830722#4792436579,0,0.7412265539169312,1
1646144729#1313607746,1,0.8641131520271301,1
2062845102#5087832312,0,0.003909642808139324,0
1688824936#2175801910,0,0.0010518187191337347,0
3709672083#2057986140,0,0.01007305458188057,0
3691000538#1684789889,0,0.4329686462879181,0
4897048724#1811606488,0,0.010354593396186829,0
4643718292#2296451977,0,0.9002931118011475,1
4442900590#4451288784,0,0.698829174041748,1
2117948923#4536450435,0,0.028784871101379395,0
2060253226#1565913509,0,0.011077763512730598,0
2064229512#2119476678,0,0.0005679503083229065,0
4657354285#580549064505,0,0.0004889863193966448,0
18465851371#10530767652,0,0.793549656867981,1
2069139175#1816430010,0,0.006390073336660862,0
124021630369#4027742647,0,0.00039185420610010624,0
4454965094#2066624968,0,0.0032356372103095055,0
4551054156#156277208014,1,0.006932680495083332,0
2060253226#5123189265,0,0.00039034889778122306,0
4811798618#117277915830,0,0.4363633990287781,0
5210078086#2154491220,0,0.017702769488096237,0
3043492443#2117948923,0,0.000605558103416115,0
3282474651#3259289288,1,0.7957825660705566,1
3299598934#189546061243,0,0.0004978534998372197,0
3439202323#3949154897,0,0.0008241215837188065,0
2060257095#5169257472,0,0.0005302645731717348,0
5154681248#138963214044,0,0.005559913348406553,0
3949154929#3949154897,0,0.4605754613876343,0
4232666143#2059400154,0,0.05638781189918518,0
4176217131#4204386191,0,0.024663731455802917,0
4536041187#3949154929,0,0.9018798470497131,1
138963214044#3245545040,0,0.0020461436361074448,0
1477293192#4479070818,0,0.0005230974056757987,0
2111351705#1637980981,0,0.0063072508201003075,0
1921223120#14613460476,0,0.003268002299591899,0
1743052872#2133358535,0,0.8979192972183228,1
276611684552#5090005101,0,0.0008794180466793478,0
4841409785#1867286717,0,0.10639074444770813,0
3485676898#5059261580,0,0.0004636622325051576,0
4298588573#4718263231,0,0.7987878322601318,1
2062075980#2114341514,0,0.8944710493087769,1
3287805133#4291077418,0,0.6932428479194641,1
178258449477#4898730640,0,0.5300401449203491,1
3630377420#3651289412,1,0.840388298034668,1
2452901483#2054657150,0,0.6826728582382202,1
292830032329#2118416856,0,0.0009359220275655389,0
4943160331#86626661064,0,0.02830204740166664,0
4456625974#1395111624,0,0.0037872453685849905,0
2064955879#207035576772,0,0.017376339063048363,0
8431814058#2062075977,1,0.732266902923584,1
3501285885#4613276653,0,0.7685070037841797,1
4161797606#1594535012,0,0.0004861117631662637,0
4993036319#3108657350,0,0.00404324708506465,0
4643718292#2067179166,0,0.05206453055143356,0
4442900590#3446029041,0,0.8593448996543884,1
1639699607#1416827061,0,0.7202346920967102,1
2168053392#4642854804,0,0.2275112122297287,0
4620261674#2062867476,0,0.0008059050887823105,0
3474372520#2062867476,0,0.41263633966445923,0
3860948251#2175801910,0,0.0003520906902849674,0
3108657350#4998365450,0,0.5096108317375183,1
1438483240#4628482537,0,0.0012748197186738253,0
2168053481#4261185678,0,0.0015704339602962136,0
4454991968#3431879179,0,0.3366541266441345,0
1416827061#1782357780,0,0.000659297511447221,0
1752749942#2063588766,0,0.7944017052650452,1
2062045929#4538419241,0,0.0008781867218203843,0
1548108669#4659194738,1,0.6527149677276611,1
4929499262#3709672083,0,0.0007906183018349111,0
4147080749#1694379812,0,0.0007794800912961364,0
4209814745#1537709317,0,0.42797404527664185,0
2070791273#2027838359,0,0.8806632161140442,1
3637042235#4040016243,0,0.7057336568832397,1
2150036453#2026258520,0,0.000375644100131467,0
10530767652#4145496082,0,0.0015101798344403505,0
4027742647#3557197892,0,0.4360356330871582,0
4943818903#4735503306,0,0.5339068174362183,1
50602314209#50602309472,0,0.5141804218292236,1
1316556785#1311812490,0,0.0010529496939852834,0
1318260275#1951195150,0,0.03880258649587631,0
1712570793#1712570939,0,0.2542831599712372,0
2092610519#2113288221,0,0.0014043848495930433,0
3628839722#3513178266,0,0.6909428238868713,1
5208946130#86626661064,0,0.6188446879386902,1
2027890207#2154491220,0,0.04194539785385132,0
4435913614#4289086328,0,0.3151896595954895,0
1647227082#1688824936,1,0.7973559498786926,1
4285709207#1477156406,0,0.0070287748239934444,0
2027929598#3431879179,0,0.34059852361679077,0
2066624973#2115528606,0,0.0007956484332680702,0
4658956014#2122362220,0,0.04639579728245735,0
4898626808#2314360284,0,0.7467213869094849,1
1875282048#4391919171,0,0.39038410782814026,0
1394397775#2059483876,0,0.7636608481407166,1
4589929428#4535941097,1,0.441250741481781,0
70183897754#5215138753,0,0.0004438693867996335,0
107725296889#4261185678,0,0.7685920000076294,1
146777938215#4636446230,0,0.00040032342076301575,0
364679238122#4536450435,0,0.002320430940017104,0
4993036319#4851901157,0,0.8396490812301636,1
4353960088#2057986140,0,0.3171464502811432,0
1718471304#4628467232,0,0.9182633757591248,1
5123189265#5018368651,0,0.18161262571811676,0
4439426144#3227376447,0,0.0006850726786069572,0
183335907108#2135316663,0,0.0008631212403997779,0
4454991968#3349756713,0,0.03618183359503746,0
3501281334#3487828521,0,0.6490657925605774,1
4683006694#1382214880,0,0.09874411672353745,0
1453532038#4401870234,0,0.28984344005584717,0
5109193415#4214739605,0,0.7204773426055908,1
1765891797#4715847880,0,0.6185368299484253,1
4285491833#4149299298,0,0.001958131091669202,0
3772512066#146011937628,0,0.0007496417965739965,0
4451124306#3124123344,0,0.0019364992622286081,0
5169257472#5169253299,0,0.8803415298461914,1
2118416856#2061673563,1,0.029002375900745392,0
1477156406#4746512285,0,0.0009102359763346612,0
156277193948#2296451977,0,0.0007688964833505452,0
4256622048#292830032329,0,0.0006053699762560427,0
1312695289#2176735919,0,0.0017039094818755984,0
2296574953#4643718292,0,0.9367961883544922,1
50602314209#11087571368,0,0.5865567326545715,1
4259241183#3637042235,0,0.6179552674293518,1
2168053481#4619195159,1,0.7394047975540161,1
2057986140#4589830735,0,0.002848594216629863,0
3026064813#3691000538,0,0.3125589191913605,0
2074458538#1951195150,0,0.29694297909736633,0
4643898157#2078774568,1,0.7333887815475464,1
4272843119#2064727359,1,0.6105819940567017,1
4572636295#4323500485,0,0.6465138792991638,1
4792436579#2183428945,0,0.003304282668977976,0
1847712017#138962728028,0,0.007770121097564697,0
48926966870#3026064813,0,0.0016560645308345556,0
2163049577#4065795443,0,0.0737452432513237,0
2066246683#3236601708,0,0.007275774609297514,0
3626237468#4718263231,0,0.8175550103187561,1
1696208496#1416528046,0,0.49748495221138,0
4643898157#2063706226,0,0.44562816619873047,0
2119476678#3903296442,0,0.5273308753967285,1
2359435242#18467669365,1,0.5825565457344055,1
2026258521#2180579787,0,0.839612603187561,1
3446029041#4206267336,0,0.000641783932223916,0
5041670056#1696208496,0,0.0008083835709840059,0
2359348328#2054753273,0,0.0005982330185361207,0
4643943359#2056478070,0,0.7250106334686279,1
3363370353#1847712017,0,0.5805720090866089,1
4642512906#4636446230,0,0.01350813452154398,0
18465851371#2065201243,0,0.9407414793968201,1
156277208014#156274514359,0,0.01693045347929001,0
2058316912#1537709304,0,0.0020950103644281626,0
1637581644#1497939109,0,0.3139144778251648,0
2168053392#4619195159,0,0.07127118855714798,0
1905948078#2168053481,0,0.009288877248764038,0
2054657150#2066509477,0,0.7494603991508484,1
4538332005#4643943359,0,0.0007469754782505333,0
2075416140#2066535766,1,0.6882069110870361,1
6015919609#4643718292,0,0.6895015239715576,1
4643718292#4944579314,0,0.7772731184959412,1
187508564338#4348295931,0,0.05656018108129501,0
4015322905#4401870234,0,0.00197761133313179,0
4542321633#1502384801,0,0.022448858246207237,0
1639219119#3495408683,0,0.0003939851594623178,0
1751247315#4450602322,0,0.0010422265622764826,0
2135054445#373850284448,0,0.14544598758220673,0
4197138413#156277193948,0,0.0004280602734070271,0
3403897392#3926916973,0,0.9197528958320618,1
3882201915#3903241588,0,0.17021025717258453,0
4165585148#4353960088,0,0.023493841290473938,0
4272137501#1994805938,0,0.7529729604721069,1
4542386587#5173394727,0,0.0032498599030077457,0
2056128836#1438326380,0,0.0009450929937884212,0
1565912494#4202041822,0,0.00551972072571516,0
4200577198#1472057117,0,0.015999700874090195,0
4680204120#2057811649,0,0.7371091842651367,1
4657354294#4256926363,0,0.013889651745557785,0
3431879179#3754155310,0,0.24048854410648346,0
2064730522#3648904752,1,0.9189478158950806,1
4657354311#2165015487,0,0.0009112213156186044,0
14613461939#4972894677,0,0.7967365980148315,1
4840773591#156274514359,0,0.5018044710159302,1
3259289288#7161172305,0,0.5194509625434875,1
1386747994#4781194041,0,0.004634497687220573,0
2026258516#2007329552,0,0.20074103772640228,0
38448881724#4959321228,0,0.02214212343096733,0
4668248026#38202856033,0,0.042567137628793716,0
4551054156#14613456118,0,0.0009560525068081915,0
4843831604#113196401893,0,0.513463020324707,1
4391919171#4584646241,0,0.07201013714075089,0
2062045929#106964376935,0,0.5733118057250977,1
3363370353#2057051387,0,0.8116987347602844,1
1311812490#1647227082,0,0.44125041365623474,0
2455800880#2057051387,0,0.0017055325442925096,0
2268304430#2359474749,0,0.42257460951805115,0
2268287413#2268304430,0,0.6628052592277527,1
3770456617#3485676898,0,0.0004332113021519035,0
1570945860#3633360460,0,0.8225907683372498,1
2064414260#4589929428,0,0.0006526774959638715,0
276611684552#4479070818,0,0.00048353924648836255,0
1654102057#1921223120,1,0.068255715072155,0
54161674630#75959618233,0,0.001970114419236779,0
4479096588#4699510653,0,0.6361449360847473,1
3806980943#38448881724,0,0.4424724578857422,0
4457149562#219547393842,0,0.003741248743608594,0
3709672083#4353960088,0,0.6222783923149109,1
146011937628#5173394727,0,0.7294646501541138,1
4454965094#4015422065,0,0.0008154751267284155,0
4619195159#4454991968,0,0.0004918212653137743,0
38406123057#91686025987,0,0.7808361649513245,1
4353960088#5197586202,0,0.004449182190001011,0
4226659635#4226659634,0,0.1955624371767044,0
4201830454#3626237468,0,0.01364007405936718,0
3628839716#3513178266,0,0.6909428238868713,1
4542321633#4451289887,0,0.020660553127527237,0
4451342506#4479095804,0,0.24510617554187775,0
4535949395#156277193948,0,0.15363360941410065,0
4346970606#4034038494,1,0.6010696291923523,1
53263275323#4763332016,0,0.0006923024775460362,0
2007847537#1594535010,0,0.0005450698081403971,0
212394033260#4214739605,0,0.0008314413717016578,0
1634282673#309312101477,0,0.0011408915743231773,0
2074458538#4155510577,0,0.20573551952838898,0
4232666143#4683006694,0,0.0012017767876386642,0
4215038721#4451124293,0,0.41246354579925537,0
167570408533#4631852445,0,0.003039795672520995,0
3633572726#2727127831,0,0.00901936274021864,0
4535949395#4840773591,0,0.7968974709510803,1
4657354294#4226659634,1,0.3846692144870758,0
1477156406#2343156405,0,0.6430335640907288,1
3551393130#125323389433,0,0.731773853302002,1
4720389596#46983614517,0,0.00030842627165839076,0
4200577198#202363939789,0,0.8929303884506226,1
1574873794#3501285885,0,0.6461359858512878,1
4272887201#3648904906,0,0.7309564352035522,1
2298730254#3050152494,0,0.3073767423629761,0
11087571368#2063839578,0,0.000701530952937901,0
2066535766#2079572106,0,0.7316614985466003,1
8431809688#2054753273,0,0.0003231479786336422,0
4755359264#22859701254,0,0.019572138786315918,0
3474372520#3470148182,0,0.2266077697277069,0
373850284448#4658620132,0,0.0008392915478907526,0
41713266437#5090085713,0,0.005111022386699915,0
4613276653#2058316912,0,0.000892750802449882,0
4644140313#395685899087,0,0.21636027097702026,0
1712570939#1712573177,0,0.3097505569458008,0
5185236541#3052180518,0,0.0017823559464886785,0
1740857110#1751247315,1,0.6585692167282104,1
3644272514#4452550298,0,0.011627797968685627,0
1415554755#1419344414,0,0.15874554216861725,0
2111351705#1810185303,0,0.0023692867252975702,0
2314360284#7161172305,0,0.0005243548657745123,0
4442900590#4644140313,0,0.0005441191024146974,0
4200577198#1728174555,0,0.03403155133128166,0
2003336437#113196401893,0,0.0014692735858261585,0
5174571094#1500022510,0,0.07172112166881561,0
4003298247#4149299298,0,0.0009433091036044061,0
5104418469#2154491220,0,0.003945485223084688,0
3651289412#1321409006,0,0.024248987436294556,0
87820905399#3439202323,0,0.0028799346182495356,0
4570764341#138962685339,0,0.0026550234761089087,0
18468687381#18468188878,0,0.6858290433883667,1
34888001864#4663785560,0,0.0005014885100536048,0
373850283306#1671393307,0,0.0007009889231994748,0
421393369392#2063839578,0,0.0029902674723416567,0
4542039020#1318260275,0,0.0011601399164646864,0
3050045988#5318769457,0,0.004087965004146099,0
4401870234#2026258520,0,0.1607545018196106,0
3474685536#4972894326,0,0.0006013858364894986,0
1810185303#3551393318,0,0.1708606630563736,0
1712573177#1816427364,0,0.8323032259941101,1
1395111624#183335907108,0,0.0005653640255331993,0
5169253299#2270062912,0,0.0006552693666890264,0
1318260275#2074458538,0,0.789478600025177,1
4210986952#4910561821,0,0.6394844055175781,1
4274235353#3806980943,0,0.0019897588063031435,0
2604119334#18469192585,0,0.07192310690879822,0
4589830735#2063839578,0,0.023514723405241966,0
107725290582#4479095804,1,0.08180800080299377,0
4435528162#3836576451,1,0.62718665599823,1
4157381557#5041670056,0,0.3632843792438507,0
2058316912#106964376935,0,0.6419231295585632,1
38406123057#29299331674,0,0.8476073741912842,1
5214033793#3401731422,0,0.00037189596332609653,0
4712246454#4195960848,0,0.0004407476226333529,0
4489521100#1694379812,0,0.002372191986069083,0
5174571094#4205424867,0,0.001499015954323113,0
3633360460#3214249595,0,0.0007314775721170008,0
292830032329#4065795443,0,0.002023964188992977,0
4206812485#53263275323,0,0.0006774502107873559,0
4797396841#3359180524,0,0.0009797897655516863,0
1500022510#3988152389,0,0.003304441226646304,0
4750249486#3612961288,0,0.8957861065864563,1
4272843119#4317041484,0,0.13447760045528412,0
1401982678#8431814058,0,0.07010820508003235,0
4346970606#1914403252,0,0.00043712829938158393,0
1712570793#1778563597,1,0.7445487976074219,1
1316058339#2058563113,0,0.022970842197537422,0
14613460476#54158093151,0,0.6970627307891846,1
4952978442#1395111624,0,0.0004546306736301631,0
303600075141#4219781521,0,0.40551766753196716,0
2027890207#2058316912,0,0.0045474194921553135,0
125323389433#4232666143,0,0.0006851739599369466,0
1743052872#4348295931,0,0.21237576007843018,0
5007075941#45531943201,0,0.7609924077987671,1
4223043910#4761512241,0,0.002632327377796173,0
2007934907#2055377631,0,0.6080389022827148,1
167570408533#3881831374,0,0.0018008240731433034,0
4206269897#3860948251,0,0.5056871175765991,1
6871473475#3438816692,0,0.6483830213546753,1
2183968048#2026258520,0,0.809229850769043,1
197910587768#117277915830,0,0.7831336259841919,1
18465851371#1867286717,0,0.0006899826694279909,0
2115528606#5027483278,0,0.0025189919397234917,0
2604119334#54158093151,0,0.8606066703796387,1
1640340946#3727491058,0,0.7438579797744751,1
373850283306#3052944481,0,0.0018767365254461765,0
4316999082#4828387554,0,0.0008229013183154166,0
2079572106#1639901072,0,0.7277001142501831,1
5169557343#4746512285,0,0.6920912861824036,1
2069985286#4215027256,0,0.001656794105656445,0
3754155310#2069774757,0,0.6943661570549011,1
3628839716#3628839722,0,0.46578142046928406,0
5007075941#54161674630,0,0.7568715810775757,1
8431809688#1811606488,0,0.0009120295871980488,0
1843271409#3052180518,0,0.0006407214095816016,0
4635981164#4699280965,0,0.013214337639510632,0
173652977366#69710193399,0,0.0036111390218138695,0
2055255869#1312695289,0,0.0002943379804491997,0
4285709211#4260680249,0,0.403994083404541,0
2066509477#3727491058,0,0.8484990000724792,1
14613460476#14613588147,0,0.2246328443288803,0
4628467232#4620294540,0,0.8931639194488525,1
4196598949#3290843987,1,0.9523806571960449,1
87720200914#1843271409,0,0.0010831558611243963,0
3550931655#1382214880,0,0.030805395916104317,0
4256926363#3408556286,0,0.0006563434144482017,0
1646206864#2064955879,0,0.009589876979589462,0
2604119334#3487828521,0,0.0025680316612124443,0
4435686270#4613276653,0,0.7714948058128357,1
2064955879#1639699607,1,0.6685011386871338,1
3485676898#1386747994,0,0.0006809115293435752,0
2120155505#4145588659,0,0.7285798788070679,1
2247165276#1847712017,0,0.37872549891471863,0
1533602348#3359180052,0,0.6798182725906372,1
3052165975#1316556785,1,0.6926138997077942,1
4542386587#4454965094,0,0.00045514837256632745,0
5060996735#2075240892,0,0.000692020810674876,0
1848008894#121528725386,0,0.0015976978465914726,0
3691000538#3651289412,0,0.36501258611679077,0
2154491220#3114734058,0,0.8057103157043457,1
2452901483#2062770841,0,0.00037812479422427714,0
4570764341#4658956014,0,0.0007131099700927734,0
1953270965#4479070818,0,0.0009225624380633235,0
2268304430#2359348328,0,0.1933375597000122,0
2181531828#2183963548,0,0.42023780941963196,0
3709672083#4636381625,0,0.0026066689752042294,0
4323500485#14613469834,0,0.005602287128567696,0
2067179166#4024663252,0,0.0008825705735944211,0
4451124293#2359348328,0,0.000801391783170402,0
11087571368#2057051387,0,0.010043243877589703,0
4841409785#3474372520,0,0.0008302289061248302,0
5018368651#4542039020,0,0.002011706819757819,0
60367707728#87720200914,0,0.7829980850219727,1
1710094724#1438326380,0,0.003990913275629282,0
3075628047#3056067914,0,0.008632658049464226,0
4223004786#5018389488,0,0.001262138714082539,0
1721524699#4215027256,0,0.0012868010671809316,0
1712570939#3477269989,0,0.0013350785011425614,0
2113288221#2111351705,0,0.6219351887702942,1
1741741476#4680203965,1,0.6570200324058533,1
5041670056#4910561821,0,0.6692129373550415,1
1743052872#3050152494,0,0.7504322528839111,1
1321409006#1557919756,1,0.8689413070678711,1
2111349786#3903296442,0,0.707831621170044,1
1401982678#138962685339,0,0.0003235367184970528,0
2296451977#2070627808,0,0.6659756898880005,1
2056078364#1574873794,0,0.001601139665581286,0
4755359264#4943818903,0,0.387445330619812,0
4317041484#3669306485,0,0.6606096029281616,1
1416827061#2064955879,0,0.48238658905029297,0
2169220658#5197586202,0,0.596019446849823,1
2057986140#4165585148,0,0.7357567548751831,1
91686025987#4535949395,0,0.004342617001384497,0
18466210670#2159739481,0,0.00046277957153506577,0
2551494872#48926966870,0,0.0004564738483168185,0
1743052872#4683006694,0,0.003676089458167553,0
1847712017#2057051387,0,0.6955707669258118,1
1528865186#3046729281,0,0.08216504752635956,0
3972924699#2060185514,0,0.0005620564916171134,0
373850283306#2135054445,0,0.5543350577354431,1
3435281641#4129122420,0,0.4066045582294464,0
3269719212#2092610533,0,0.0064737251959741116,0
4828654874#4631852445,0,0.10756468027830124,0
38202856033#138962685339,0,0.0007034754962660372,0
4538003565#2066246683,0,0.0003906787314917892,0
3849817492#5182742886,0,0.03572061285376549,0
3403897392#1711852573,0,0.01782931387424469,0
1565913509#1528865186,0,0.3470589518547058,0
4256926363#2120155505,0,0.0004371601971797645,0
4549189933#1817644740,0,0.28854572772979736,0
1711852573#2075914534,0,0.035153578966856,0
4604457043#5067776785,0,0.3184978663921356,0
2058222393#1326086493,0,0.031550850719213486,0
1778563595#1816427364,0,0.7721567749977112,1
5173394727#5003601219,0,0.7079808115959167,1
1374772535#1398443073,0,0.05054079741239548,0
3431879179#1951195150,0,0.0007437383173964918,0
5128222238#3551393130,0,0.09595518559217453,0
3772512066#4662042966,1,0.6899133324623108,1
4549189933#2150036453,0,0.39892181754112244,0
111568230982#4202096119,0,0.4060392677783966,0
29608029868#5163452200,0,0.3426933288574219,0
2062045929#4672808661,0,0.799006462097168,1
2067377960#1701470611,0,0.489406019449234,0
2114049002#3929215225,0,0.0019702916033566,0
3438816692#1696438060,0,0.6856207251548767,1
10175162517#3289002505,0,0.41273233294487,0
2026258520#2026258516,0,0.3886455297470093,0
5167083430#2061673563,0,0.001762843574397266,0
47752312088#4439737347,0,0.0012250200379639864,0
5169257472#18465816919,0,0.8465911746025085,1
1312695289#2027890207,0,0.0005422505782917142,0
3046471496#2111872187,1,0.8633254766464233,1
97115452949#5037293131,0,0.7759469151496887,1
4200577198#4804861605,0,0.0009962978074327111,0
1701333847#4200577198,0,0.057168148458004,0
1951195150#87820905399,0,0.0004955434706062078,0
3411721643#1816929342,0,0.5913175940513611,1
4256622048#4450602322,0,0.0005634626140818,0
3612961288#4662042966,0,0.002540708752349019,0
3438816692#4628467232,1,0.8933087587356567,1
197910587768#110232280082,0,0.7328305244445801,1
2092610536#1882929309,1,0.2094297856092453,0
3798986721#3054671141,0,0.001439113519154489,0
4149299298#4259241183,0,0.000627163564786315,0
2118416856#2116342008,0,0.2817983329296112,0
2113093450#4643718292,0,0.5072803497314453,1
1311812490#4620261674,0,0.0005429125740192831,0
2112794415#4232471781,0,0.01581450179219246,0
102514982310#2168053392,0,0.0005262686172500253,0
2359435242#3934602500,0,0.08780217170715332,0
4642854804#4589595738,0,0.30651354789733887,0
487126887411#55721888445,0,0.000594535784330219,0
4391918874#4391919171,0,0.6567930579185486,1
69710193399#3517506225,0,0.0011998083209618926,0
3633360460#4680203965,0,0.8101193904876709,1
55721888445#3529095384,1,0.8112084865570068,1
2296574953#1347237190,0,0.03213004022836685,0
2060185514#2060185518,0,0.09263551980257034,0
2058316912#87820911338,0,0.0006933183176442981,0
2133358535#202363939789,0,0.0022668507881462574,0
4535941097#4633378534,0,0.29796701669692993,0
3359180524#4226659634,0,0.0004387787776067853,0
2071751695#2063706226,0,0.636962890625,1
2056478070#2027929598,0,0.0006615631282329559,0
156893097471#110232280082,0,0.6130198836326599,1
2055886100#3214249595,0,0.6536498665809631,1
2183968048#2183428945,0,0.31171780824661255,0
2057051387#3954668240,0,0.5201679468154907,1
3236601708#1882929309,0,0.03042750433087349,0
111110399548#4354044382,0,0.0008611873490735888,0
2343156405#4157280271,1,0.42116814851760864,0
2062045929#111110399548,0,0.0006483090110123158,0
2026069710#4065797638,0,0.0013226381270214915,0
2113760999#2062782802,0,0.04857812076807022,0
87720200914#4642512906,0,0.0006193001172505319,0
3259289288#5018368651,0,0.26792871952056885,0
2275666316#5014897285,0,0.0006256140768527985,0
2057811649#2062845102,0,0.7434890270233154,1
1318260275#4259241183,0,0.22922325134277344,0
14613464473#2026258524,0,0.0002990618522744626,0
5174571094#1594535012,0,0.0004523741081357002,0
4628482537#2064730522,0,0.005889681167900562,0
2111350136#3903296442,0,0.7662340402603149,1
5018368651#4572380856,0,0.001051038969308138,0
3042764047#2055886100,0,0.000810123689007014,0
19705527158#5165108496,0,0.7551851272583008,1
117277915830#4680095395,0,0.011160214431583881,0
1878732185#4536450435,0,0.00045226930524222553,0
2183963548#4825375981,0,0.003097450826317072,0
3050152494#2071751695,0,0.0017584779998287559,0
4643011415#3594649033,0,0.7882145643234253,1
4877427884#4454991968,0,0.0006783413700759411,0
1477293192#1688824936,0,0.7559152841567993,1
1654102057#50602314209,0,0.0003884712350554764,0
4470296934#2054817755,0,0.5053339004516602,1
4623949169#187508564338,0,0.0015317167853936553,0
4272887201#4272843119,0,0.2285100668668747,0
3628533316#1419344414,0,0.00048584191245026886,0
156274514359#4595088087,0,0.8111882209777832,1
3052944481#4335156801,1,0.8838448524475098,1
4200562083#4439737367,0,0.5648266077041626,1
4024663252#4465664542,0,0.060821834951639175,0
202363939789#2079581946,0,0.8580949902534485,1
4416668620#1867286717,0,0.46483874320983887,0
4285491833#4348295931,0,0.818425714969635,1
4643943359#2067179166,0,0.008453468792140484,0
4867542841#4943160331,1,0.8211719989776611,1
5037293131#3999176481,0,0.0007642872515134513,0
4483987744#4385069368,1,0.9161547422409058,1
21269204096#2057986140,0,0.0003150188713334501,0
18465721026#2175801910,0,0.0004390798567328602,0
146011948003#4705583754,0,0.0004605260328389704,0
4215038721#2122362220,0,0.007019286043941975,0
1497880313#1694379812,1,0.7987622022628784,1
2176735919#2111818909,0,0.0038343698251992464,0
2055377631#3835278364,1,0.9475398063659668,1
2065354050#1639901072,0,0.00090917939087376,0
4973150488#14613465315,0,0.8222025632858276,1
4195960848#3477269989,0,0.75098717212677,1
54161674630#1650171814,0,0.01205905620008707,0
4808134153#5182742886,0,0.0009619687916710973,0
3896058143#4542039020,0,0.0021367589943110943,0
4417849752#395685899087,0,0.000955187133513391,0
4808134153#3214249597,0,0.0007404854986816645,0
4215038721#4465664542,0,0.911615252494812,1
1727736762#2069774757,0,0.012639496475458145,0
1696208496#1419344414,0,0.43722569942474365,0
1696095096#4613276653,0,0.8481465578079224,1
2056128836#4658956014,0,0.0011110303457826376,0
1319944364#3882026745,0,0.001945084659382701,0
4623947495#4623934568,0,0.08465186506509781,0
5181571321#32236834289,1,0.629127562046051,1
4499147142#3849817492,0,0.026700124144554138,0
4667944802#4662042966,0,0.6804081201553345,1
4715847880#4401870234,0,0.01644730381667614,0
4642512906#2297005450,0,0.11081057786941528,0
2065201243#4327866563,0,0.0013520418433472514,0
18466210670#18468690620,0,0.6576432585716248,1
21269204096#2135316663,0,0.0010140723315998912,0
4643898157#18468188878,0,0.4802970588207245,0
4643938191#4642512906,0,0.09537657350301743,0
2064229512#1671393307,0,0.0005998682463541627,0
3056067914#1818739935,0,0.01962229795753956,0
2235828707#2063588766,0,0.00038547447184100747,0
8431809688#8431814058,0,0.620602011680603,1
4700047151#4643011415,0,0.3730279505252838,0
3289002505#4150903563,0,0.9175814986228943,1
2092174215#4195960848,0,0.0011662901379168034,0
4200562083#3042764047,1,0.6201993227005005,1
4748650954#4589929428,0,0.7545306086540222,1
2247165276#3363370353,1,0.6753947138786316,1
4623947495#3304467506,0,0.0013607447035610676,0
1415647813#2092610533,0,0.015248808078467846,0
1537709311#1778563602,0,0.00047598793753422797,0
4755359264#6871473475,0,0.006893109995871782,0
124021630369#21269204096,0,0.6541556119918823,1
4130010417#4792436579,0,0.4815259575843811,0
4439737367#4435528162,0,0.06839340180158615,0
4712246454#1775497794,0,0.0009266650886274874,0
107725292534#4451342506,0,0.5921023488044739,1
4465664542#4451124293,0,0.5422218441963196,1
2061309144#1394397775,0,0.6849181652069092,1
2114716134#2111350136,0,0.2539156973361969,0
3972924699#3052165975,0,0.0015537788858637214,0
3798986721#3831256267,0,0.001227201079018414,0
1728174555#3403917033,0,0.009711259976029396,0
4644140313#376973981474,0,0.1892341822385788,0
3882201915#2075914534,0,0.005761696957051754,0
102514982310#167570408533,0,0.7015018463134766,1
3245545040#4218561827,0,0.0013324851170182228,0
3107598853#4479424072,0,0.8453413844108582,1
2336490445#2059052537,0,0.002992975525557995,0
2057051388#4781194041,0,0.0004938737256452441,0
18465721026#4354044382,0,0.0009570705005899072,0
189546061243#5121642074,0,0.030164655297994614,0
4643938191#29299331674,0,0.7782530784606934,1
1951195150#4899954714,0,0.0009109947714023292,0
187508564338#2016866277,0,0.004691992420703173,0
4179651570#2115151765,0,0.7201576232910156,1
4065795443#4291077418,0,0.8125807046890259,1
3835278364#4321048267,0,0.9377622604370117,1
3669306485#3282474651,0,0.0017812803853303194,0
2058132898#4572380856,0,0.8391243815422058,1
4673557611#4439737367,0,0.004085389431566,0
156277193948#156277207697,0,0.5896767973899841,1
4471122121#50602309472,0,0.715436577796936,1
4700047151#3299598934,1,0.7749150395393372,1
3474685536#4223934140,0,0.0027536049019545317,0
303600075141#4828387554,0,0.0009441677830182016,0
4495500756#2061022206,0,0.0019330602372065187,0
4147080749#4353960088,0,0.007898665964603424,0
4680204120#4680203965,0,0.3836425244808197,0
1574873794#2254264382,0,0.0004552842292468995,0
4897048724#3628533316,0,0.0007853523129597306,0
3363370353#5197586202,0,0.0004152237088419497,0
14613435427#4195960848,0,0.0004175145295448601,0
18468188878#4470296934,0,0.0022029296960681677,0
2159739481#3445564730,0,0.017281321808695793,0
145960681701#86626661064,1,0.6477916836738586,1
2183963548#2026258516,0,0.8352963328361511,1
3052944481#1688824936,0,0.001193427131511271,0
343200247912#1751364880,0,0.0027414958458393812,0
4535930871#4195960848,0,0.00892407726496458,0
4867542841#5154681248,0,0.9127632975578308,1
2455800880#4687116172,0,0.003959587309509516,0
3363370353#2054781193,0,0.5811241865158081,1
2115151765#3347114660,0,0.6767397522926331,1
4004772536#121528725386,0,0.0003739975218195468,0
3968945784#3967431643,0,0.09631640464067459,0
580549064505#4572374020,0,0.0005291344132274389,0
4840773591#14613469834,0,0.7266380786895752,1
79993360240#1533602348,1,0.8521571755409241,1
2092610533#156277193948,0,0.0004915870958939195,0
212394033260#157726428514,0,0.7110826373100281,1
2977755545#4535930871,0,0.0025259254034608603,0
1867286717#4397595587,0,0.6068567037582397,1
4746144353#6871473475,1,0.9187732338905334,1
2053826326#2066624968,0,0.0019000435713678598,0
5095503840#5018023921,0,0.7643795013427734,1
2148153592#2114975127,0,0.00047350034583359957,0
4841409785#1867262556,0,0.05770169571042061,0
4549189933#3411721643,0,0.7988795638084412,1
1438441444#3304467506,0,0.03664771839976311,0
18465816919#18468690620,0,0.8038389682769775,1
4972894326#4973150488,0,0.6385320425033569,1
2003710867#3651289412,0,0.24800123274326324,0
4385421396#2359348328,0,0.005981333553791046,0
1778563602#1778563597,0,0.4471910893917084,0
1701333847#1701333916,0,0.16601644456386566,0
2079572106#1816430010,0,0.0025690090842545033,0
1437868238#2075914534,0,0.19320335984230042,0
1816428069#4620261674,0,0.010442360304296017,0
87820911338#4643938191,0,0.004476947244256735,0
4658620132#5181571321,0,0.001112632337026298,0
18465816919#18465721026,0,0.8108720183372498,1
1415554755#4538332005,0,0.0008722594357095659,0
4231111906#4657354311,1,0.09803184121847153,0
4416668620#4397595587,0,0.6859416365623474,1
2079572106#2064955879,1,0.8643852472305298,1
38202856033#45531943201,0,0.19139981269836426,0
4451124306#4465664542,0,0.44705790281295776,0
157726428514#1818739935,0,0.0006601139320991933,0
2026258519#2026258516,0,0.3736252188682556,0
4405676807#4218561827,0,0.3500615954399109,0
3408556286#3648904752,0,0.0005188689683564007,0
1416827061#2117967935,0,0.5061894655227661,1
1878732185#1565925308,0,0.8571503162384033,1
3609077013#4972894677,0,0.0004023601650260389,0
4451124293#156277207697,0,0.0020938583184033632,0
3920807098#4214739605,0,0.6752800941467285,1
1537709308#1537709304,0,0.6956897377967834,1
2068623358#4680204120,0,0.7286847829818726,1
4536041187#3949154897,0,0.8263633847236633,1
4972894326#4972894677,0,0.7824103832244873,1
1646144729#4218561827,0,0.0021353818010538816,0
4200577198#2070908197,0,0.07093474268913269,0
3754155310#4658620132,0,0.6955246329307556,1
1816427364#2111349786,0,0.0008539772825315595,0
3026064813#3798986721,0,0.08042647689580917,0
1653994308#4435686270,0,0.6302053332328796,1
114453608394#189546061243,0,0.2890693247318268,0
4405676807#5090005101,0,0.0379810631275177,0
4385421396#1712570939,0,0.002739225747063756,0
4643011415#3359180052,0,0.8525258302688599,1
4620294540#1718471304,0,0.5681477785110474,1
4451288784#2135316663,0,0.0006208710256032646,0
4952978442#5214033793,0,0.5169209837913513,1
4549189933#14613588147,0,0.0004024706722702831,0
2092174215#1453532038,0,0.030799373984336853,0
3637042235#3972924699,0,0.311819851398468,0
2066535766#2117967935,0,0.4094364643096924,0
4321048267#100995265790,0,0.7287904620170593,1
157726428514#102514982310,0,0.07011252641677856,0
4811798618#121528725386,0,0.7329181432723999,1
1307874587#2336490445,0,0.1078718826174736,0
3628839717#4750249486,0,0.003905129386112094,0
1416301524#2058563113,1,0.39039573073387146,0
4742698844#53263229623,1,0.6198214888572693,1
5318769457#5169557343,0,0.7974057197570801,1
2296451977#174006932062,0,0.0032439478673040867,0
3075628047#1307874587,0,0.7266821265220642,1
1537709304#4206267336,0,0.00080033642007038,0
3477269989#3474685536,0,0.8292015194892883,1
3470148182#7161172172,0,0.0011182496091350913,0
2168053392#4157496031,0,0.015039329417049885,0
4206224036#3580539229,1,0.9736096262931824,1
2016866277#2111041560,0,0.8689038753509521,1
3529095384#46983614517,0,0.0014178669080138206,0
38202856033#3628839716,0,0.00603087805211544,0
4828387554#3032709817,1,0.8992050290107727,1
4354044382#1696208496,0,0.10314542800188065,0
4572374020#4232666143,0,0.0008212930406443775,0
1684789889#4687116172,0,0.009975462220609188,0
2057685237#2058222393,1,0.5124195218086243,1
1347237190#237523614768,0,0.7172757387161255,1
111568230982#1456843034,0,0.0030872593633830547,0
10175162517#3289002540,0,0.6833129525184631,1
1920503864#4316999113,0,0.3062949776649475,0
4408616491#2314360284,0,0.0005777527112513781,0
3709672083#4444196403,0,0.48850399255752563,0
4589678847#4589595738,1,0.5015115737915039,1
4411426624#3124123344,0,0.029002945870161057,0
5060996735#2064727359,0,0.7328833937644958,1
38406123057#4393085087,0,0.0020448188297450542,0
4479096850#4479096588,0,0.7711492776870728,1
5104418469#7026230674,0,0.0005386870470829308,0
3403897392#2075914534,1,0.7663571238517761,1
183335907108#3108657350,0,0.0007934905006550252,0
2343156405#1438326380,0,0.5791923999786377,1
106964376935#14613464473,0,0.0004845529329031706,0
4763332016#5210078086,0,0.5819674134254456,1
3903296442#4003298247,0,0.0013197094667702913,0
4579172309#4027742647,0,0.32661303877830505,0
4206269897#3259289288,0,0.0016863796627148986,0
2359435242#2061673563,0,0.36118584871292114,0
3798986721#4523728345,0,0.001991615630686283,0
2003710867#2977755545,0,0.0010085002286359668,0
2159739481#2060185518,0,0.00909303780645132,0
4176217131#4499147142,0,0.5958738923072815,1
2057145715#1565913509,0,0.6974521279335022,1
1634282673#202363939789,0,0.0008879365050233901,0
3972924699#1951195150,0,0.4793722629547119,0
378133536273#4972894326,0,0.0008826622506603599,0
5182742886#4828387554,0,0.05215153098106384,0
4514269980#3042764047,0,0.0009240307263098657,0
4628867825#2168053392,0,0.4426950514316559,0
4040016243#2027929598,0,0.0003528933157213032,0
1548108669#2113760999,0,0.001266076578758657,0
1528865186#2060185514,0,0.22521252930164337,0
2070908197#1701470611,0,0.7398126721382141,1
3926916973#3896015808,0,0.007395120337605476,0
4808134153#4206812485,0,0.0022770543582737446,0
4584646241#237523614768,0,0.0009266995475627482,0
4570764341#2066624973,0,0.6505095958709717,1
3044025040#4840773591,0,0.24466826021671295,0
2297005450#5163452200,0,0.7748773097991943,1
307718000196#564144132292,1,0.38843563199043274,0
4065797638#4385069368,0,0.007301267236471176,0
38202856033#4755359264,0,0.7059308290481567,1
1533602348#87720200914,0,0.0005648973165079951,0
4584646241#1875282048,0,0.5831997990608215,1
3400442486#1438441444,1,0.8231026530265808,1
18468188878#18468695966,0,0.4187403917312622,0
183335907108#2060355842,0,0.0008559206034988165,0
1696438060#4620294540,0,0.5388498902320862,1
4658956014#3949154929,0,0.6128823757171631,1
174006932062#3603201749,0,0.008385293185710907,0
1307874587#4495500756,0,0.007368555758148432,0
4027742647#54161674630,0,0.001139523577876389,0
4414530598#4672808661,0,0.0007414729916490614,0
1843271409#4279029102,0,0.6289485096931458,1
2124411604#4279029102,0,0.010503939352929592,0
4479096588#4479095804,0,0.20104826986789703,0
2092174215#2056128836,0,0.00047584366984665394,0
1751247315#14613466961,0,0.0028574562165886164,0
2339749085#4209814745,0,0.7100797295570374,1
3114734058#292830032329,0,0.005637854337692261,0
117277915830#110232280082,0,0.7065075039863586,1
1914706723#2054733437,0,0.5297771692276001,1
2122362220#1920503864,1,0.7722506523132324,1
1778563595#4589820532,0,0.0028319733683019876,0
2059052537#4180609537,0,0.001301655313000083,0
4435566465#4748650954,0,0.7344441413879395,1
3903296442#2165015487,0,0.7138338088989258,1
2268287413#146777938215,1,0.7606909871101379,1
7161173338#5123189265,0,0.6226555705070496,1
18469192585#14613464473,0,0.9070819020271301,1
53263229623#60367707728,0,0.7784937024116516,1
4952978442#4205424867,0,0.0004864800430368632,0
38202856033#4735503306,0,0.6042279601097107,1
3403917033#3404019551,0,0.0013049241388216615,0
4716933437#1640340946,0,0.7892685532569885,1
4746512285#4761512241,1,0.7119843363761902,1
3648904752#106964376935,0,0.004887457937002182,0
1712570939#1778563597,0,0.7864559888839722,1
1727736762#1627587582,0,0.0003134144062642008,0
1818739935#4385184631,0,0.01263467688113451,0
237523614768#4680095395,1,0.4955850839614868,0
2135316663#2066624968,0,0.7861591577529907,1
2026258520#4195993580,0,0.33775627613067627,0
3050045988#4899954714,0,0.0008602954330854118,0
5183692300#1321409006,0,0.06499288231134415,0
1751364886#395685899087,0,0.0006142035126686096,0
32236834289#3474372520,0,0.004600929096341133,0
3967431643#1751364886,0,0.11401902884244919,0
3287805133#3289002540,0,0.07108482718467712,0
1633806208#2056662276,0,0.391202837228775,0
14613464513#4897048724,0,0.0022364247124642134,0
422592070627#4408616491,0,0.0006530660903081298,0
3290843987#4129122420,0,0.8434856534004211,1
5197586202#5090005101,0,0.000909648253582418,0
395685899087#4435686270,0,0.5648152828216553,1
2169220658#2053826326,0,0.700162410736084,1
1818739935#2336490445,0,0.004542481154203415,0
4730645460#2118416856,0,0.002041114727035165,0
2120472151#75959618233,0,0.0014629971701651812,0
156276677247#4746144353,0,0.004920046776533127,0
2078835030#202363939789,0,0.5401591062545776,1
5087832312#4196521320,0,0.0004998201038688421,0
1497880313#2343156405,0,0.6131930947303772,1
4259241183#1951195150,0,0.5298996567726135,1
178258449477#3438816692,0,0.01081701461225748,0
1318260275#1848008894,0,0.4824402928352356,0
4579172309#2455800880,0,0.0016183363040909171,0
18468580547#18465816919,0,0.8148956894874573,1
174006932062#4683006694,0,0.0017048190347850323,0
4327866563#14613461654,0,0.0785190537571907,0
3920807098#4952978442,0,0.001816198811866343,0
29607392514#38406123057,1,0.8663060665130615,1
18465851371#2062075980,0,0.9113509058952332,1
6871473475#4628467232,0,0.8269408345222473,1
1639901072#4851901157,0,0.001889401930384338,0
14613456118#2026258516,0,0.003005228703841567,0
2112576214#2169220658,0,0.0002829176955856383,0
4642854804#4656986610,0,0.27172404527664185,0
14613464513#14613461939,0,0.15862572193145752,0
3404019592#3404019551,0,0.5635470747947693,1
14613435427#4712246454,1,0.3510867953300476,0
2003710867#4298588573,0,0.002135833026841283,0
2055886100#4593095274,0,0.013972550630569458,0
4226659635#4231111906,0,0.0617973692715168,0
107725290582#1456843034,0,0.0006304705166257918,0
1656969942#1921223120,0,0.6931136846542358,1
2054753273#1394397775,0,0.0022781812585890293,0
4157381557#1751364880,0,0.0019146495033055544,0
4483987744#4623570105,0,0.004606223665177822,0
4470296934#3050152494,0,0.5278379917144775,1
4285709207#4165151066,0,0.2259717434644699,0
2075416140#4623570105,0,0.693927526473999,1
3630377420#3470148182,0,0.17667263746261597,0
2092938385#5060996735,0,0.0005561673315241933,0
4929499262#4195993580,0,0.002715261885896325,0
150594502346#189546061243,0,0.6049661040306091,1
4761512241#5210078086,0,0.7783182859420776,1
3926916973#3289002505,0,0.006758858449757099,0
2115880476#4408616491,1,0.7552597522735596,1
1728174555#1728174549,0,0.41024279594421387,0
4304261357#3835278364,0,0.002320560161024332,0
4456625974#3612961288,0,0.8507239818572998,1
1840606003#1813034413,1,0.7766600847244263,1
2056662276#2007934907,0,0.5665735006332397,1
3612961288#4943818903,0,0.20267410576343536,0
4256622048#2069774757,0,0.0013245606096461415,0
138962728028#3501281334,0,0.0023601825814694166,0
4206812485#4479424072,0,0.711165189743042,1
1647227082#3949154929,0,0.001862239558249712,0
1751364880#4623949166,0,0.5559078454971313,1
343200247912#1502384801,0,0.00043497158912941813,0
4451342506#4261185678,0,0.85895174741745,1
4456625974#1541880573,0,0.0009520815219730139,0
4304261357#4339070553,0,0.7434199452400208,1
4680204120#1710094724,1,0.6343989372253418,1
373850283306#2247165276,0,0.007303199730813503,0
38202857246#38202856033,0,0.4503846764564514,0
1867262556#3487828521,0,0.001010529464110732,0
4223934140#4435566465,0,0.0007288188789971173,0
5181571321#1778563597,0,0.0035609875340014696,0
8431809688#2007847537,0,0.0041471910662949085,0
4414530598#2070791273,0,0.5180092453956604,1
1740857110#2056478070,0,0.0006076587596908212,0
4538419241#2062075977,0,0.00039972225204110146,0
156276677247#2078835030,0,0.0007976776105351746,0
4643898157#2071751695,0,0.4123365581035614,0
3044025040#4040016243,0,0.0003115625586360693,0
3114734058#2135316663,0,0.0005453309859149158,0
2069774757#4454991968,0,0.02962292917072773,0
3835278364#4479096850,0,0.003217874327674508,0
29608029868#3349756713,0,0.0007124479743652046,0
3637042235#3050045988,1,0.6855524778366089,1
4027742647#3431879179,0,0.863068163394928,1
4604457043#1816929342,0,0.0014662196626886725,0
4781194041#2064730522,0,0.001361215254291892,0
3026064813#4715847880,1,0.9075851440429688,1
5169257472#5167083430,0,0.8908305168151855,1
4426740219#4943818903,0,0.003296386916190386,0
7161172305#14613456118,0,0.14573508501052856,0
4535949395#2007329552,0,0.0013442309573292732,0
3408556286#4899954714,0,0.0003759065002668649,0
2296493468#4840773591,0,0.8173104524612427,1
5185236541#18468580547,0,0.7790485620498657,1
4604457043#4898730640,0,0.8294691443443298,1
146778888902#2359474749,0,0.0009273302275687456,0
4317041484#14613456118,0,0.0008763440418988466,0
4195960848#2254264382,0,0.011231123469769955,0
4535949395#156277208014,0,0.2747252881526947,0
4223043910#4417849752,0,0.7531250715255737,1
2339749085#2061448091,1,0.7450713515281677,1
4417818851#3408556286,0,0.0034421479795128107,0
4004772536#1627587582,1,0.1177695170044899,0
4285709207#4260680249,0,0.5768136382102966,1
1316058339#4346970606,0,0.026028117164969444,0
2169220658#4641374150,0,0.0004633151984307915,0
2054753273#29299331674,0,0.00044142306433059275,0
1456843034#75959618233,0,0.0005826642736792564,0
41713266437#2113288221,0,0.0019231755286455154,0
6871473475#4620294540,0,0.7690863609313965,1
1816428069#5183692300,0,0.20635809004306793,0
2150036453#1817644740,0,0.03075079433619976,0
3474685536#4435528162,0,0.014128542505204678,0
3451234547#3628839716,0,0.5752713084220886,1
2062845102#3403897392,0,0.005478186067193747,0
4451342506#4623934568,0,0.0012498855357989669,0
1637581644#1694379811,1,0.621216356754303,1
1541880573#4893633475,0,0.0062901973724365234,0
2296493468#4595088087,0,0.5206459164619446,1
197910587768#5121642074,1,0.8501262664794922,1
4024663252#1905948078,0,0.0014370674034580588,0
1847712017#2057051388,1,0.7367094159126282,1
2111351705#5067776785,0,0.0021164848003536463,0
4628867825#5169257623,0,0.0003234571486245841,0
2359474749#2057051388,0,0.00047582093975506723,0
4797396841#1635692869,0,0.8502630591392517,1
18469192585#156276677247,0,0.0061502899043262005,0
3630377420#4825375981,0,0.00038655579555779696,0
336556403061#1847712017,0,0.0005684574716724455,0
18467925256#4748650954,0,0.0005309607950039208,0
4417818851#2113760999,0,0.0006219601491466165,0
4534359957#1878732185,0,0.0006782641867175698,0
19705527158#2058316912,0,0.00043856032425537705,0
4620685919#4099641396,0,0.04409519210457802,0
1711852573#3052165975,0,0.0006420169956982136,0
4479096850#4746144353,0,0.0005736680468544364,0
3485676898#2074458538,0,0.0007115658954717219,0
4353960088#2092938385,0,0.16499924659729004,0
1903466347#23230310067,0,0.001692516845650971,0
4323500485#4542039020,0,0.0005783422384411097,0
309312101477#309312102749,0,0.9155222177505493,1
5123189265#3282474651,0,0.8189884424209595,1
4941134416#4593095274,0,0.0008512155036441982,0
2062045929#1528865186,0,0.029297498986124992,0
4808134153#4620294540,1,0.678864598274231,1
2053826326#4952978442,0,0.2380574345588684,0
3648904906#2064730522,0,0.8343650698661804,1
41375214069#3691000538,0,0.23485417664051056,0
2343156405#1770010645,0,0.001676442683674395,0
4385069368#3712801411,0,0.005008285399526358,0
46983614517#2092610536,0,0.0008641926106065512,0
2183968048#2180579787,0,0.21448370814323425,0
2297005450#50602309472,0,0.0004413751303218305,0
2016866277#4165151066,0,0.7347974181175232,1
2296574953#2070627808,0,0.37481027841567993,0
183335907108#4145496082,0,0.0005979097913950682,0
1684789889#2003710867,0,0.7370566129684448,1
2066535766#1639699607,0,0.6199662089347839,1
2058278464#4457149562,1,0.7032650113105774,1
4658956014#4628467232,0,0.00389862060546875,0
2064727359#3669306485,0,0.9209187030792236,1
2064727359#4317041484,0,0.7600457072257996,1
38448881724#4735432768,0,0.0034299136605113745,0
1718471304#2058278464,0,0.0012309649027884007,0
2115880476#1816427364,0,0.0021249339915812016,0
4210986952#5041670056,1,0.23716409504413605,0
2061448087#2061448091,0,0.44049185514450073,0
14613466961#14613461939,0,0.31614866852760315,0
1497880313#1637581644,0,0.5535401105880737,1
4204386191#2066535766,0,0.0005648865480907261,0
11087571368#53263275323,0,0.8063691854476929,1
107725296889#4699510653,0,0.09615910798311234,0
3474685537#3628839717,1,0.7070158123970032,1
5090005101#4581502608,0,0.00046521195326931775,0
5210078086#2058563113,0,0.0021119648590683937,0
4323500485#4535941097,0,0.3606821298599243,0
3052944481#4145496082,0,0.0067760697565972805,0
5003601219#2065354050,0,0.003208375070244074,0
4205424867#2064730522,0,0.001975162187591195,0
4811798618#4057032761,0,0.005077721551060677,0
4843831604#117277915830,0,0.006430682726204395,0
4417818851#4348295931,0,0.0016803049948066473,0
187508564338#3630377420,0,0.37836378812789917,0
2070908197#2067377960,0,0.7243937849998474,1
3359180524#1533602348,0,0.6721087694168091,1
1951195150#3754155310,0,0.004348410293459892,0
2175801910#3770456617,0,0.15898704528808594,0
1671393307#4595088087,0,0.0006769439205527306,0
55721888445#1701333847,0,0.0004823945346288383,0
4157551094#201663692217,0,0.00414703506976366,0
2183968048#2026258521,0,0.818559467792511,1
2060185514#1565913509,1,0.5151540637016296,1
487126887411#291173146171,1,0.8687602281570435,1
3791139342#4536450435,0,0.0008773871813900769,0
4820163687#4435566465,0,0.6759650707244873,1
5031406959#5197586202,0,0.6053582429885864,1
2065201243#2114341514,0,0.6516824960708618,1
18468188878#2068602973,1,0.8304979205131531,1
5095503840#2079581946,0,0.0005998173728585243,0
406088738482#18468687381,0,0.0015577245503664017,0
307718000196#4628482537,0,0.000634174095466733,0
2168053481#2168053392,0,0.04378271847963333,0
2296574953#2058316912,0,0.0004293639794923365,0
50016874555#49857216438,1,0.7819140553474426,1
5174571094#2113760999,0,0.0009311620960943401,0
4755359264#3626237468,0,0.021106848493218422,0
2148153592#2116342008,0,0.0006671326118521392,0
3967431644#2061022206,0,0.0014556616079062223,0
1548108669#32236834289,0,0.0016403805930167437,0
2062782802#183335907108,0,0.0007753717945888638,0
1347237190#4205424867,0,0.0005744301597587764,0
3882026745#3633572726,0,0.001361859729513526,0
5185236541#4748650954,0,0.0009311376488767564,0
1634282673#1752749942,0,0.00028390338411554694,0
4451289887#1419344414,0,0.0011129126651212573,0
2060185514#3474372520,0,0.0005231873947195709,0
1718471304#1696438060,0,0.3619827330112457,0
4027742647#4450602322,0,0.4142068326473236,0
1684789889#1765891797,0,0.615287721157074,1
3772512066#4718263231,0,0.28019723296165466,0
4635981164#4687116172,0,0.024209458380937576,0
2067571192#4536450435,0,0.21631063520908356,0
4991881534#2078835030,0,0.19619813561439514,0
2199135578#3347114660,0,0.5499377846717834,1
4401870234#1646275700,0,0.2777791917324066,0
1497939109#1497880313,0,0.4973946213722229,0
3290843987#19705527158,0,0.006186021026223898,0
1712570939#1816427364,0,0.8463346362113953,1
2026258524#2026258521,0,0.41252976655960083,0
4272887201#146011937628,0,0.00038498034700751305,0
1347237190#6871473475,0,0.001464354689233005,0
5318769457#3439202323,0,0.001093922764994204,0
3635733776#4339070553,0,0.001813362818211317,0
4176217131#2124411604,0,0.0006043884204700589,0
4145496082#5018368651,0,0.0029533272609114647,0
3299599421#1543155210,0,0.0005529607296921313,0
48926966870#4900256072,1,0.5248463749885559,1
2066509477#1811606488,0,0.7682064175605774,1
2114716134#1953270965,1,0.3855409026145935,0
4451289887#3644272514,1,0.9608751535415649,1
1656969942#1665894324,1,0.01457546092569828,0
2169220658#5214033793,0,0.6618340015411377,1
4913742546#4210986952,0,0.5367820262908936,1
1848008894#3637042235,0,0.7559801340103149,1
3245545040#1709057480,0,0.0010804597986862063,0
21269204096#4180609537,0,0.0013190736062824726,0
5123189260#7161172172,0,0.6168081164360046,1
2066509477#4716933437,0,0.9108001589775085,1
2055448044#1752749942,0,0.7355266213417053,1
46983614517#4165585148,0,0.0023205247707664967,0
4206267336#4589820532,0,0.0016070955898612738,0
2235828707#2062075977,0,0.7997344136238098,1
1751247315#4530026053,0,0.002218049019575119,0
4511530729#178258449477,0,0.7485763430595398,1
3435281641#5174571094,0,0.007898049429059029,0
2115528606#1500022510,1,0.41184452176094055,0
111568230982#146778888902,0,0.0005524931475520134,0
4155408706#4439737367,0,0.6853699088096619,1
3487828521#3289002540,1,0.9383673071861267,1
4077473357#3446029032,0,0.6704901456832886,1
4748650954#4535941097,0,0.24536673724651337,0
2168053392#4656986610,1,0.6002634167671204,1
117154450703#5121642074,0,0.013839931227266788,0
97115452949#219547393842,0,0.0029834089800715446,0
4523728345#3929215225,0,0.0018813163042068481,0
2114975127#4952978442,0,0.034069303423166275,0
1727736762#2112576214,0,0.0010667904280126095,0
113196401893#1635692869,0,0.863252580165863,1
1565912494#2057145715,0,0.42363253235816956,0
174007019522#2115528606,0,0.008297454565763474,0
3400442486#4479424072,0,0.6262391805648804,1
34888001864#3880409698,0,0.4108563959598541,0
3043492443#4205424867,0,0.0009457321721129119,0
2111351705#2114716134,0,0.4128844439983368,0
3490539439#5090005101,0,0.0013466662494465709,0
4456625974#3999176481,0,0.7965141534805298,1
2254264382#4542039020,1,0.6157329082489014,1
3881831374#183335907108,0,0.0012338696978986263,0
5067776785#4828654874,0,0.5171942114830017,1
2067179166#4780994423,0,0.0016954601742327213,0
156893097471#1646144729,0,0.0009011715301312506,0
4840773591#2067179166,0,0.0009358332608826458,0
2122362220#2062766801,0,0.0006400497513823211,0
309312102749#1347237190,0,0.11329404264688492,0
2066509477#2054657143,0,0.7757138013839722,1
5090005101#5109193415,0,0.43814441561698914,0
174007019522#121528725386,0,0.48250916600227356,0
150594502346#212394033260,0,0.8137484192848206,1
4024663252#4451124293,0,0.8223551511764526,1
41375214069#3903296442,0,0.0030992196407169104,0
4941134416#4304261357,0,0.6535887122154236,1
3764759336#3550931655,0,0.01285587903112173,0
303600075141#1728174555,0,0.07749845832586288,0
1416827061#1639901072,0,0.8179200887680054,1
2026069710#4991881551,0,0.008296693675220013,0
174006932062#3404019592,0,0.0013822950422763824,0
2159739481#1694379812,0,0.6750370860099792,1
3954668240#2054781193,0,0.7681014537811279,1
2061448091#1537709317,0,0.7445231676101685,1
14613465315#4613276653,0,0.008504549972712994,0
4542039020#4746512285,0,0.550632894039154,1
4657354311#4657354285,0,0.31240177154541016,0
3920807098#4304261357,1,0.23710736632347107,0
157726428514#111110399548,0,0.5540531277656555,1
2111351705#2165015487,1,0.47929996252059937,0
5067776785#178258449477,0,0.5946410894393921,1
2092610519#2092610536,0,0.517789363861084,1
5104418469#38202857246,0,0.0012413427466526628,0
1374772535#2062770841,0,0.5296823382377625,1
75959618233#2063706226,0,0.0006025832262821496,0
4385421396#4091921695,0,0.7449589371681213,1
4408616491#1637980981,0,0.000641550577711314,0
4196521320#2054753273,0,0.0011421339586377144,0
3633360460#2068623358,1,0.8067079186439514,1
1528865186#2254264382,0,0.06178915873169899,0
3490539439#2113093450,0,0.0031378755811601877,0
1818739935#4495500756,0,0.1687767654657364,0
4323500487#4323500485,0,0.20709995925426483,0
2007934907#5037293131,0,0.13498449325561523,0
5163452200#4643938191,0,0.8800566792488098,1
4620294540#1415647813,0,0.4779064655303955,0
4479096588#107725296889,0,0.08907083421945572,0
4991881534#303600075141,0,0.8713755011558533,1
1816427364#5183692300,0,0.3711417317390442,0
2079581946#3794247232,0,0.0002921656414400786,0
4384414279#4384403228,1,0.9202736616134644,1
1782357780#3359180524,0,0.0018629992846399546,0
2062075977#18467925256,0,0.9405159950256348,1
2069774757#4226659635,0,0.0013226079754531384,0
4542321633#4435913614,0,0.10658429563045502,0
4201830454#4327866563,0,0.003658855566754937,0
46983614517#34888001864,1,0.8053969740867615,1
2113093450#1639219119,1,0.8832675218582153,1
4781194041#3529095384,0,0.0016471627168357372,0
1594535012#1594535010,0,0.341188907623291,0
2159739481#1639901072,0,0.001209263107739389,0
2314360284#2727127831,0,0.03684613108634949,0
2062766801#3926916973,1,0.483059823513031,0
4623949169#1672066227,0,0.005535214673727751,0
1639390814#1712080073,0,0.540679395198822,1
2092610536#4439426144,0,0.0008826442062854767,0
2056128836#309670736915,0,0.004017174709588289,0
1312695289#4680095395,0,0.6092416644096375,1
5174571094#4210985419,0,0.02838595025241375,0
3954668240#4797396841,0,0.018183527514338493,0
4223043910#174007019522,0,0.0007762719178572297,0
5185236541#5167083430,0,0.5762308239936829,1
1386747994#2056128836,0,0.0005620733718387783,0
5197586202#5214033793,1,0.586335301399231,1
5121642074#102514982310,0,0.13530020415782928,0
1903466347#10175162517,0,0.2998664379119873,0
156274514359#91686025987,0,0.0038291316013783216,0
4642512906#3501281334,0,0.0013718493282794952,0
2275666316#49857216438,0,0.0013511156430467963,0
4272885125#4317041484,1,0.7289753556251526,1
69710193399#2074019451,0,0.001278999843634665,0
4323500485#4435566465,1,0.7742978930473328,1
4755359264#49857216438,0,0.009724617935717106,0
1843271409#4393085087,0,0.00825219601392746,0
2062766088#3403897392,0,0.86533522605896,1
2059483876#3525845999,0,0.0003198320046067238,0
5096293410#156277514294,0,0.0016063766088336706,0
4209814745#4913742546,0,0.001353312050923705,0
1728174549#3603201749,0,0.7250570058822632,1
4215038721#4215027256,1,0.5703139305114746,1
2199135578#4549189933,0,0.0015387432649731636,0
4673557611#4620685919,1,0.7238982319831848,1
1537709304#1533602348,0,0.0018854063237085938,0
1701470611#2078835030,0,0.9212220907211304,1
1528865186#4781194041,0,0.001859821379184723,0
1951195150#4450602322,0,0.001239852630533278,0
4915591396#5154681248,0,0.006348335649818182,0
7161173338#5018368651,0,0.270741730928421,0
4840773591#125323389433,0,0.0007478073821403086,0
2079572106#1639699607,1,0.7625135779380798,1
1415554755#2175801910,0,0.09524272382259369,0
2057051388#3550931655,0,0.0006200525676831603,0
4218561827#4214739605,0,0.3992997705936432,0
4444196403#3214249595,0,0.0020271847024559975,0
4572636295#4435566465,0,0.6228593587875366,1
4391918874#86283717806,0,0.01973346248269081,0
3648904906#4272843119,0,0.8602285981178284,1
5123189265#7161172305,0,0.6433693766593933,1
60367707728#11087571368,0,0.38253873586654663,0
4542321633#3052944481,0,0.004801757168024778,0
1712570793#1712573177,0,0.3139515221118927,0
3550979323#14613588147,1,0.8439759016036987,1
4915591396#4867542841,0,0.20917624235153198,0
2026258519#2026258520,0,0.36068102717399597,0
102514982310#4722721497,0,0.008554568514227867,0
2057051388#2247165276,0,0.4470630884170532,0
2175801910#1696208496,0,0.6467347741127014,1
18465851371#3487828521,0,0.645514965057373,1
3044025040#3831256267,0,0.7037413716316223,1
4636446230#2061448087,0,0.0011849028524011374,0
3446029041#4077473357,0,0.5477290749549866,1
4572636295#38406123057,0,0.000809123448561877,0
4439737347#4699510653,0,0.0025141192600131035,0
4898626808#3860948251,0,0.48837748169898987,0
3836676657#4530026053,0,0.7699792981147766,1
4022447951#3026064813,0,0.003252319758757949,0
2133358535#2056078364,0,0.6139177680015564,1
1818739935#1316556785,0,0.002535615349188447,0
4993036319#4316999082,0,0.000754399923607707,0
1647227082#1427286361,0,0.367643803358078,0
2159452221#2199135578,0,0.0006564910290762782,0
3408556286#2068436073,0,0.001810740097425878,0
1318260275#2057051388,0,0.018172916024923325,0
4642854804#5165108496,0,0.0002523772418498993,0
3404019551#2057051388,0,0.732676088809967,1
2062867476#18468188878,0,0.020069433376193047,0
1394397775#2060257095,0,0.819999635219574,1
1778563595#1778563597,0,0.5531805753707886,1
157726428514#4998365450,0,0.00233063125051558,0
4843831604#2056478070,0,0.0004767916689161211,0
1813034413#1816430010,0,0.02947578765451908,0
4231111906#4226659634,0,0.02415287308394909,0
4223043910#4003298247,0,0.38533496856689453,0
117154450703#2062782802,0,0.0005720480112358928,0
2060253226#2054733437,0,0.007183374371379614,0
2059052537#4495500756,0,0.5528062582015991,1
4272843119#4348295931,0,0.004980265628546476,0
18468690620#5169257623,1,0.9479925632476807,1
4657354285#4657354294,0,0.2772103548049927,0
4179651570#1994805938,0,0.8219170570373535,1
2133358535#4200562083,0,0.003659426001831889,0
91686025987#29299331674,0,0.8407782912254333,1
4219781521#1712573177,0,0.01719440333545208,0
1374772550#3289002540,0,0.0036195784341543913,0
2003710867#3635733776,0,0.23241771757602692,0
1497939109#5003601219,0,0.0006958243320696056,0
4408616491#4742698844,0,0.0010257238755002618,0
14613464473#4549189933,0,0.0004781967436429113,0
157726428514#121528725386,0,0.06609442830085754,0
1438326380#4157280271,0,0.8526697158813477,1
5109193415#4405676807,0,0.31377896666526794,0
1574873794#4196521320,0,0.8882511258125305,1
4157280271#1401982678,0,0.0041052536107599735,0
4321048267#5037293131,0,0.7529156804084778,1
117154450703#114453608394,0,0.10658681392669678,0
5183692300#2062075980,0,0.0022066484671086073,0
3806980943#4348295931,0,0.003830929286777973,0
1316058339#4915591396,0,0.00039225767250172794,0
1903466347#4065795443,0,0.27354466915130615,0
1840606003#4157280271,0,0.0012492322130128741,0
4256926363#4657354311,0,0.0068219806998968124,0
4952978442#5165108496,0,0.6862313747406006,1
3438816692#1709057480,0,0.4158113896846771,0
2281691154#5014897285,0,0.0039370302110910416,0
5173394727#5104418469,0,0.004212482366710901,0
3501281334#1646275700,0,0.0013105571269989014,0
4820163687#4748650954,0,0.7709882259368896,1
1778563595#1712570939,1,0.8811799883842468,1
2148153592#3594649033,0,0.0010339140426367521,0
4157496031#4619195159,0,0.21993985772132874,0
4391918874#4536041187,0,0.37678098678588867,0
201663692217#2062770841,0,0.0009454631945118308,0
1672066227#4261185678,0,0.001433375757187605,0
4589929428#4572636295,0,0.8047234416007996,1
4201830454#4450888165,0,0.00047888371045701206,0
3349756713#4658620132,0,0.10146258771419525,0
4959321228#41713266437,0,0.9044843912124634,1
207035576772#1847712017,0,0.004725215490907431,0
2059052537#3791139342,0,0.0005587272462435067,0
2111041560#4465664542,0,0.0033258937764912844,0
2055886100#2329543699,0,0.05671614408493042,0
4523728345#4416668620,0,0.0007819165475666523,0
5169257623#18465816919,0,0.7977545857429504,1
2016866277#2133358535,0,0.8504577875137329,1
4534359957#4451288784,0,0.005612423177808523,0
1318260275#2079581946,0,0.0003580232441890985,0
4572636295#4323500487,1,0.8070915937423706,1
2059052537#2062766088,0,0.006125396117568016,0
1882929309#2066246683,0,0.8040856122970581,1
2268304430#1594535012,1,0.5798419713973999,1
4581502608#4718263231,0,0.0006977317971177399,0
3114734058#4384414279,0,0.0006380724371410906,0
4157496031#5014897285,0,0.0007382227340713143,0
3236601708#3550931655,0,0.6107535362243652,1
4705583754#3249354040,1,0.8900755643844604,1
4176217131#4828387554,0,0.8336000442504883,1
5090005101#4699280965,0,0.0033199703320860863,0
4161797606#3359180052,0,0.0004633321659639478,0
4145588659#2199135578,0,0.5426940321922302,1
1326086493#2062766088,0,0.0011423020623624325,0
2062075980#18467925256,0,0.9442649483680725,1
4726704241#2055886100,0,0.00060055818175897,0
4572380856#3794247232,0,0.49752265214920044,0
3044853716#2066624968,0,0.5244202017784119,1
1319944364#3227376447,0,0.6300479769706726,1
314601953357#102514982310,0,0.016612844541668892,0
3495408683#4643943359,0,0.0004189999308437109,0
5067776785#2135316663,0,0.0009943750919774175,0
4755359264#38448881724,0,0.46215832233428955,0
3972924699#2027929598,0,0.0007283234153874218,0
1574873794#3400442486,0,0.0021037382539361715,0
18469192585#435372126625,0,0.0019585168920457363,0
2060185518#291173146171,0,0.0008153131348080933,0
2268287413#34888001864,0,0.0007322950405068696,0
2092610536#3269719212,0,0.0026231207884848118,0
4623947495#406088738482,1,0.00822653342038393,0
4628867825#4619195159,0,0.09351135790348053,0
2007847537#2112794415,0,0.607275128364563,1
1994805938#3347114660,0,0.7934927940368652,1
4452060617#4750249486,0,0.8814370036125183,1
1962074579#4091921695,0,0.7443404197692871,1
4165151066#1565925308,0,0.0004491786239668727,0
1543155210#1565925308,1,0.6811018586158752,1
117154450703#189546061243,0,0.6757104396820068,1
4437827660#3525845999,0,0.7542740702629089,1
4397595587#4781194041,0,0.5328395366668701,1
3052180518#1430988070,0,0.8113166689872742,1
3043492443#2163049577,0,0.00043138471664860845,0
5197586202#4952978442,0,0.41112610697746277,0
2111041560#1637581644,0,0.10693155974149704,0
23230310067#4761512241,1,0.701212465763092,1
3408556286#10530767652,0,0.0004722042358480394,0
4353960088#4384403228,0,0.7702617645263672,1
1848008894#3972924699,0,0.13413557410240173,0
2056128836#1816430010,0,0.004409738350659609,0
107725290582#4658620132,0,0.00039906680467538536,0
1696095096#4196521320,0,0.8209187388420105,1
4330455313#4511530729,0,0.001009709550999105,0
5182742886#18466202308,1,0.7862241864204407,1
2065354050#1627738213,1,0.9495531320571899,1
1594535012#2026069710,0,0.04812256991863251,0
4206224036#4735432768,0,0.7393677830696106,1
3635733776#1684789889,0,0.4487781524658203,0
2007329552#1646275700,0,0.3214178681373596,0
1472057117#4991881551,0,0.05848595127463341,0
4346970606#4589673799,0,0.0017938090022653341,0
4542039020#4619195159,0,0.0007601942052133381,0
1811606488#4628482537,0,0.6986310482025146,1
2297005450#1633806208,0,0.0006442361045628786,0
2119398744#2111350136,1,0.700111448764801,1
4218561827#4335156801,0,0.0033340235240757465,0
1438441444#2063588766,0,0.0008874205523170531,0
1497939109#2343156405,0,0.35596007108688354,0
4644140313#1696095096,0,0.8104990720748901,1
4179651570#2281691154,0,0.6492027640342712,1
55721888445#1701333916,0,0.0006370797636918724,0
5181571321#14613435427,0,0.0003780885599553585,0
4825375981#21269204096,0,0.004598075989633799,0
3882201915#3949154897,0,0.23375412821769714,0
50602309472#3648904906,0,0.005248071160167456,0
1656969942#5003601219,0,0.6995893120765686,1
3551393130#1810185303,0,0.16765575110912323,0
4479096588#4285709207,0,0.0009185681119561195,0
14613461939#4327866563,0,0.006132102571427822,0
1416301524#3612961288,0,0.000848467112518847,0
5059261580#4619195159,0,0.058587606996297836,0
53263275323#60367707728,0,0.8394036293029785,1
4004772536#3282474651,0,0.00036484593874774873,0
3709672083#2275666316,0,0.0006020255386829376,0
3967431644#3044025040,0,0.00372472801245749,0
3630377420#1696208496,0,0.0011464226990938187,0
4454965094#4454991968,0,0.00917466264218092,0
29299331674#4226659635,0,0.13153669238090515,0
3968945784#1502384801,0,0.5388926863670349,1
2062867476#3076859035,1,0.7273359894752502,1
3954668240#2247165276,0,0.3360837697982788,0
145960681701#4867542841,0,0.09348063915967941,0
138963214044#156276677247,0,0.0447247140109539,0
4454991968#2027929598,0,0.8246166110038757,1
4024663252#4215027256,0,0.0014447139110416174,0
3920807098#4722721497,0,0.007058525923639536,0
4408616491#1816427364,0,0.001987615367397666,0
3555205657#3487828521,0,0.7258783578872681,1
3046471496#3108657350,0,0.0006000763969495893,0
1634282673#201663692217,0,0.026003718376159668,0
3474372520#3076859035,0,0.0025255470536649227,0
3289002505#4065797638,0,0.9761349558830261,1
1533602348#3299598934,0,0.7750294804573059,1
41375214069#1684789889,0,0.4189856946468353,0
4285709207#18465816919,0,0.0023373353760689497,0
2092610533#2066246683,1,0.024296313524246216,0
1914706723#1565925308,0,0.6569319367408752,1
4391919171#4658956014,0,0.0017470140010118484,0
4534359957#3628533316,0,0.0007866506930440664,0
3363370353#2057051388,0,0.8165968656539917,1
4604457043#178258449477,0,0.32202401757240295,0
34888001864#4653616782,0,0.0004243086150381714,0
4335156801#2122362220,0,0.031292445957660675,0
1728174549#1472057117,1,0.7323402762413025,1
3972924699#4040016243,0,0.3795371651649475,0
2551494872#4223043910,0,0.00102035456802696,0
2176735919#1743052872,0,0.9437546133995056,1
2175801910#4538332005,0,0.000474764674436301,0
4581502608#1395111624,0,0.0003893268876709044,0
2176735919#2133358535,0,0.7170835733413696,1
4746144353#4620294540,0,0.409924179315567,0
114453608394#2079572106,0,0.0020802479702979326,0
2297005450#29299331674,0,0.7664192914962769,1
4450602322#4658620132,0,0.04598209261894226,0
1728174549#336556403061,0,0.1910592019557953,0
54161674630#4015422065,0,0.592095673084259,1
5167083430#18465816919,1,0.9405564665794373,1
4065721591#4015322905,0,0.0006939389859326184,0
4628867825#4589678847,0,0.1259630173444748,0
4256622048#4657354294,0,0.16487471759319305,0
2054657143#3628839722,0,0.0007498314953409135,0
4536450435#2058222393,0,0.0019924992229789495,0
2065201243#6871473475,0,0.07991154491901398,0
109165560395#2064229512,0,0.004744659177958965,0
1882929309#421393369392,0,0.0014477623626589775,0
3949154897#4549189933,0,0.0011566646862775087,0
3831256267#1840606003,0,0.00038626312743872404,0
50602314209#87720200914,0,0.7883509993553162,1
38448881724#2065201243,0,0.011790548451244831,0
4589673799#50016874555,0,0.0007454455480910838,0
4397595587#4417849752,0,0.6770419478416443,1
4535930871#1557919756,0,0.0014735114527866244,0
4657354294#97115452949,0,0.00033045816235244274,0
3501285885#14613461654,0,0.11364105343818665,0
3404019592#3419405027,0,0.6598543524742126,1
4140165052#4385421396,0,0.818558931350708,1
1671393307#2120472151,0,0.007196761667728424,0
1962074579#3245545040,0,0.01328528393059969,0
2078774568#2063706226,0,0.38732245564460754,0
1816430010#34888001864,0,0.000853125296998769,0
2111349786#1953270965,0,0.6395124197006226,1
1694379811#4391919171,0,0.0021086300257593393,0
4132281843#1472057117,0,0.43365514278411865,0
4247271139#5041670056,0,0.42769601941108704,0
156277207697#156277208014,0,0.5373526811599731,1
3920807098#4941134416,0,0.00960057508200407,0
4781194041#29299331674,0,0.0007332978420890868,0
4530026053#4289086328,0,0.7175036668777466,1
3408556286#4452550298,0,0.0006212323787622154,0
2119476678#2165015487,0,0.6672031879425049,1
4755359264#1710094724,0,0.008393083699047565,0
1313607746#1782357780,0,0.0014237487921491265,0
14613469834#4644140313,0,0.0010029900586232543,0
4195993580#4391919171,0,0.0380670502781868,0
3949154897#1646275700,0,0.007823065854609013,0
2026258519#2181531828,0,0.7630427479743958,1
5154681248#86626661064,0,0.001100028632208705,0
212771874474#4667944802,0,0.000519862282089889,0
422592070627#3361906432,0,0.0013384523335844278,0
5060996735#5090085713,0,0.0074408710934221745,0
4722721497#2060253226,0,0.0005229765083640814,0
4452550298#1816427364,0,0.004567537922412157,0
2057051388#2057051387,0,0.48793795704841614,0
2055886100#2133358535,0,0.001245690742507577,0
2053826326#5197586202,0,0.688529372215271,1
3648904906#3669306485,0,0.5897261500358582,1
3236601708#3809186919,0,0.00704168202355504,0
4451124293#4452550298,1,0.9093109369277954,1
3648904752#4272843119,0,0.7762957811355591,1
1718471304#1374772535,0,0.033205125480890274,0
1646206864#3474372520,0,0.0005572827649302781,0
4659194738#19705527158,0,0.0011727471137419343,0
5018389488#4155510577,0,0.0004012302670162171,0
1684789889#3026064813,0,0.8904520869255066,1
1427286361#1765891797,0,0.00043141943751834333,0
4451089335#4699280965,0,0.0009478583233430982,0
2055377631#97115452949,0,0.5586608052253723,1
2113093450#4944579314,0,0.8187043070793152,1
1751364886#1751364880,0,0.6710113286972046,1
4411426624#4071233134,0,0.13736413419246674,0
4200562083#1843271409,0,0.476266086101532,0
3999176481#1994805938,0,0.0032475346233695745,0
2551494872#1656969942,0,0.0020842894446104765,0
5027483278#1711687490,0,0.0008541779243387282,0
1313607746#3920807098,0,0.006409928668290377,0
5060996735#3648904906,1,0.8593522310256958,1
291173146171#2060185514,0,0.0007388301310129464,0
3949154929#3903241588,0,0.6256309747695923,1
1780678934#1639390814,0,0.00040730767068453133,0
1537709317#4145496082,0,0.0035956811625510454,0
4452550298#4215027256,0,0.3048447370529175,0
1537709311#4452550298,0,0.0037038358859717846,0
3446029032#4206267336,0,0.0005142708541825414,0
4291077418#3289002540,0,0.8401374816894531,1
3791139342#70183897754,0,0.00037636421620845795,0
1701470611#336556403061,0,0.10156214237213135,0
4157551094#2115151765,0,0.4513755142688751,0
4057032761#4024663252,0,0.3060021996498108,0
1326086493#3794247232,0,0.0017255388665944338,0
4726704241#79993360240,0,0.8343858122825623,1
1818739935#2275666316,0,0.0005558472475968301,0
4205424867#4022447951,0,0.0012094283010810614,0
1718471304#4657354311,0,0.003978738561272621,0
2066624973#4680095395,0,0.133403018116951,0
4700047151#3359180052,0,0.6431060433387756,1
4910561821#4247271139,0,0.6763365864753723,1
4755359264#187508564338,0,0.011237607337534428,0
2727127831#4572380856,1,0.3410867750644684,0
4780994423#5318769457,0,0.0016360149020329118,0
1817644740#4261185678,0,0.0010162638500332832,0
3889395495#4781194041,0,0.001322002848610282,0
2066246683#1818739935,0,0.0005840169615112245,0
2119398744#1953270965,0,0.6753445267677307,1
3361906432#1817644740,0,0.6525440812110901,1
4726704241#4700047151,0,0.6974467039108276,1
4572636295#4820163687,0,0.8411087393760681,1
2066535766#1500022510,0,0.0007707964978180826,0
3107598853#580549064505,0,0.0005926229641772807,0
1905948078#2059483876,0,0.6145331859588623,1
14613460476#2056478070,0,0.0011994490632787347,0
3401731422#4952978442,0,0.000585404341109097,0
5090005101#4214739605,0,0.08861204236745834,0
1701333915#3529095384,0,0.0010132152820006013,0
2055886100#4804861605,0,0.0005643408512696624,0
3635733776#4715847880,0,0.3523426651954651,0
18468687381#2063706226,0,0.716225802898407,1
114453608394#1639901072,0,0.0021802170667797327,0
146778888902#4730645460,0,0.001025001984089613,0
2007847537#4523728345,0,0.07600507885217667,0
2079581946#2078835030,0,0.09246828407049179,0
4589830735#4534359957,0,0.7647740840911865,1
2133358535#1497880313,0,0.0699230432510376,0
2054781193#1914403252,0,0.0034755640663206577,0
91686025987#5163452200,0,0.9294825792312622,1
487126887411#4470296934,0,0.007634676992893219,0
2120155505#4179651570,0,0.6305552124977112,1
2026258524#2026258520,0,0.46664974093437195,0
3289002505#3287805133,0,0.0528838112950325,0
4495044650#2061673563,0,0.0010354595724493265,0
1962074579#54161674630,0,0.0031448593363165855,0
4623947495#1847712017,0,0.0009102732874453068,0
4316999113#1321409006,0,0.003875681897625327,0
174006932062#174007019522,0,0.6796417832374573,1
4024663252#4451124306,1,0.5625208020210266,1
2027929598#2069774757,0,0.14596444368362427,0
4755359264#4643718292,0,0.0014119234401732683,0
4327866563#4457149562,0,0.013218778185546398,0
156277514294#307718000196,0,0.021739782765507698,0
2180579787#2026258519,0,0.8198846578598022,1
4535949395#4595088087,0,0.7913930416107178,1
4161797606#4991881534,0,0.5613170266151428,1
3612961288#1867262556,0,0.0007235624361783266,0
3513178266#1347237190,0,0.0028891591355204582,0
1816427364#303600075141,0,0.0017995035741478205,0
3934602500#4196598949,0,0.0016269193729385734,0
2055448044#3289002540,0,0.0014480153331533074,0
5123189260#3282474651,0,0.802522599697113,1
41375214069#7161172305,1,0.21659302711486816,0
3501281334#1646206864,0,0.00035887464764527977,0
4672808661#1635692869,0,0.6429081559181213,1
3477269989#3628839722,1,0.8879543542861938,1
1867286717#4417818851,0,0.5586636662483215,1
3550979323#4898626808,0,0.0006772945635020733,0
3551393130#4065721591,0,0.0006736294599249959,0
14613461939#2069774757,0,0.0008470372995361686,0
4623949169#4851901157,0,0.0011147827608510852,0
309312102749#364679238122,1,0.01398539450019598,0
2058148983#3501281334,0,0.0011313575087115169,0
2064414260#1520168707,0,0.0040632314048707485,0
3485676898#4551054156,0,0.001189695205539465,0
3709672083#4705583754,0,0.000742028234526515,0
4943818903#38448881724,0,0.2563054859638214,0
3926916973#2075914534,0,0.917907178401947,1
4298588573#3881831374,0,0.006164380349218845,0
1694379811#1497880313,0,0.6045138835906982,1
102514982310#4538332005,0,0.0005422136164270341,0
2135054445#2069985286,1,0.8837928175926208,1
4926426630#4215038721,0,0.6213527917861938,1
4972894326#2062867476,0,0.0015008278423920274,0
3683502845#3644272514,0,0.825166642665863,1
2062766088#2062766801,0,0.6111857295036316,1
4828654874#1770010645,0,0.7980286478996277,1
41713266437#111110399548,0,0.005932570900768042,0
2336490445#3860948251,0,0.0003342263225931674,0
2054753273#3926867260,0,0.730846643447876,1
4499147142#1416301524,0,0.031290244311094284,0
4195960848#4197138413,0,0.01051301695406437,0
1818739935#117154450703,0,0.0013775095576420426,0
41375214069#4804861605,0,0.0015218070475384593,0
4256926363#4479424072,0,0.0003825684543699026,0
4726704241#3299598934,0,0.8520318269729614,1
2065201243#2062075980,0,0.8944710493087769,1
4210986952#2063588766,0,0.6107199788093567,1
1312695289#2159452221,0,0.3930440843105316,0
1537709317#4077473357,0,0.03637785091996193,0
3926916973#3050152494,0,0.0032977014780044556,0
29608029868#2297005450,0,0.7148157358169556,1
4929499262#3304467506,0,0.5088486671447754,1
1843271409#53263229623,0,0.0010745441541075706,0
4451289887#4451288784,0,0.6813232898712158,1
4620261674#3470148182,1,0.6307180523872375,1
4897048724#3848611844,0,0.003914855420589447,0
1951195150#4454991968,0,0.0011704068165272474,0
4633378534#4748650954,0,0.21118494868278503,0
1701333915#1701333916,1,0.7817465662956238,1
3580539229#3245545040,0,0.9200022220611572,1
4405676807#1921223120,0,0.00047520521911792457,0
2026258520#4346970606,0,0.002635066630318761,0
1374772535#4820163687,0,0.000655836658552289,0
5027483278#117154450703,0,0.0014285239158198237,0
2075914534#1721524699,0,0.3749823272228241,0
4091921695#4140165052,1,0.6946980357170105,1
197910587768#4811798618,0,0.9075284004211426,1
4797396841#2058316912,0,0.8375274538993835,1
2061448087#1537709308,0,0.7280083298683167,1
5031406959#5165108496,1,0.874761700630188,1
1712570793#1816427364,0,0.8323032259941101,1
4149299298#2336490445,0,0.0009466164628975093,0
1565912494#1565913509,0,0.4127506911754608,0
138962728028#2061022206,0,0.004304177593439817,0
3361906432#4549189933,0,0.1841520071029663,0
3727491058#2054657143,0,0.43736663460731506,0
4535941097#4535949395,0,0.0015929556684568524,0
2159739481#1548108669,0,0.0002495849330443889,0
2062766801#1457252585,0,0.008313415572047234,0
1635692869#106964376935,0,0.6598244309425354,1
3044853716#2133358535,0,0.01066491100937128,0
2064229512#4435686270,0,0.0008388230344280601,0
2296493468#2183428945,0,0.0023108182940632105,0
3551393130#3551393318,0,0.2065242975950241,0
1427286361#2064414260,0,0.8748266696929932,1
3501285885#4633378534,0,0.009185210801661015,0
2115880476#2296451977,0,0.0005149063072167337,0
2066624973#4893633475,0,0.0009012316586449742,0
3551393130#3451234547,0,0.6188367009162903,1
3626237468#4662042966,0,0.4242405295372009,0
4145588659#3806980943,0,0.0009727909346111119,0
102514982310#114453608394,1,0.6620970368385315,1
1415554755#1696208496,0,0.04138830304145813,0
2115528606#3770456617,0,0.0005291333654895425,0
2056128836#4272137501,0,0.007636985741555691,0
4687116172#2296451977,0,0.01491392869502306,0
2054657150#5059261580,0,0.0014320053160190582,0
1543155210#4926426630,0,0.00039020247641019523,0
2154491220#3628533316,0,0.0026475931517779827,0
4780994423#157726428514,0,0.0019864910282194614,0
2343156405#2056078364,0,0.05198513716459274,0
3972924699#4840773591,0,0.0006011382210999727,0
4150903563#4687116172,0,0.06569482386112213,0
4763332016#1653994308,0,0.0005620371666736901,0
4893633475#4426740219,0,0.001216067117638886,0
2054657150#3727491058,0,0.36237433552742004,0
54158093151#3403897392,0,0.0004067018162459135,0
3445564730#3114734058,0,0.0013329440262168646,0
1537709304#1537709311,0,0.7897288203239441,1
4589830735#1477293192,0,0.0006594703299924731,0
2075240892#2275666316,0,0.0014055803185328841,0
3042764047#4536450435,0,0.4972667694091797,0
4439737347#4155408706,0,0.6666091084480286,1
2281691154#1701333847,0,0.05838317051529884,0
18465851371#1401982678,1,0.1946631669998169,0
2053826326#2114975127,0,0.40244385600090027,0
1741741476#3446029041,0,0.02308720350265503,0
4667944802#3626237468,0,0.8837565183639526,1
1640340946#1847712017,0,0.005216856021434069,0
4065795443#3487828521,0,0.7651194930076599,1
125323389433#2159739481,0,0.000568562070839107,0
1875282048#4867542841,0,0.0004606866859830916,0
2069985286#2007847537,0,0.001326272962614894,0
4161797606#4452060617,0,0.0035726437345147133,0
1817644740#3831256267,0,0.5157528519630432,1
1472057117#4219781521,0,0.13055285811424255,0
7161172172#114453608394,0,0.008437082171440125,0
2336490445#1398443073,0,0.0006437659612856805,0
3404019592#2057051388,0,0.5146360397338867,1
4663785560#38202857246,0,0.0668659657239914,0
29608029868#2062867476,0,0.002030004281550646,0
2057685237#4391918874,0,0.0057684206403791904,0
29608029868#4643938191,0,0.4525064527988434,0
2062782802#1721524699,1,0.8870671987533569,1
4542039020#4633378534,0,0.0006034714751876891,0
2551494872#1654102057,0,0.5488928556442261,1
4633378534#4589929428,0,0.3867928981781006,0
4657354311#7161172172,0,0.001044245669618249,0
60367707728#4742698844,0,0.8057698607444763,1
4132281843#303600075141,0,0.1731877326965332,0
1765891797#2003710867,0,0.43258246779441833,0
124021630369#3214249597,0,0.001247710664756596,0
4536450435#4279029102,0,0.4193534851074219,0
2296451977#2092610533,0,0.0008218535804189742,0
4384414279#4435913614,0,0.0003977201122324914,0
4877427884#2338131041,0,0.0006959487218409777,0
1497880313#1477156406,0,0.6939167380332947,1
4165585148#3709672083,0,0.18371114134788513,0
3054434630#1721524699,0,0.006408322136849165,0
4820163687#4479070818,1,0.8681479692459106,1
107725296889#2092174215,0,0.0010193891357630491,0
2165015487#3609077013,0,0.0006374961812980473,0
4840773591#174006932062,0,0.0006848390330560505,0
3435281641#3485676898,0,0.009070890955626965,0
3474372520#2060355842,0,0.0011925788130611181,0
173652977366#4811798618,0,0.8550944328308105,1
114453608394#4613276653,0,0.001317042508162558,0
7161172172#7161172305,0,0.67708820104599,1
2180579787#60367707728,0,0.027736905962228775,0
4973150488#4972894677,0,0.66597980260849,1
1710094724#3633360460,0,0.7908049821853638,1
4231111906#4232666143,0,0.05974070355296135,0
4604457043#4667944802,0,0.001042322488501668,0
4196030610#3949154897,0,0.000496583292260766,0
4683006694#4289077889,1,0.6479622721672058,1
4479070818#3054671141,0,0.00035020546056330204,0
3236601708#1878732185,0,0.00031592926825396717,0
106964376935#4843831604,0,0.2348722219467163,0
4155408706#4279029102,1,0.6881303191184998,1
4943818903#4620685919,0,0.6723952293395996,1
4408616491#4200562083,0,0.0021273759193718433,0
4289086328#4289077889,0,0.08312323689460754,0
4450888165#4385421396,0,0.201873317360878,0
4129122420#3107598853,0,0.7742977142333984,1
107725296889#4900378668,0,0.008013347163796425,0
4215038721#4024663252,0,0.14057636260986328,0
3860948251#3794247232,0,0.03539113327860832,0
2055255869#4411426624,0,0.0007417345186695457,0
5173394727#121528725386,0,0.0006299536908045411,0
2054657150#3411721643,0,0.004527219571173191,0
3551393130#2111349786,0,0.0025740894488990307,0
4499147142#1646206864,1,0.6562613248825073,1
2359474749#2359348328,0,0.3280944526195526,0
146778888902#146777938215,0,0.0026368042454123497,0
1740857110#3408556286,0,0.0007407324737869203,0
2314360284#4536450435,0,0.0009697090135887265,0
3968945784#4495500756,0,0.013620431534945965,0
124021630369#4202041822,0,0.0022362119052559137,0
2058316912#1775497794,0,0.005599111784249544,0
4470296934#4165151066,1,0.8765495419502258,1
3400442486#3603201749,0,0.0033276788890361786,0
2181531828#2183428945,0,0.18043798208236694,0
309670736915#4247271139,0,0.0003669880097731948,0
4471122121#53263229623,0,0.8217531442642212,1
3404019551#1634282673,0,0.0008682485786266625,0
197910587768#156893097471,0,0.8619332909584045,1
4657354285#4256926363,0,0.014027493074536324,0
3501281334#3289002540,0,0.781015932559967,1
5037293131#97014870931,1,0.6265683174133301,1
4535930871#3968945784,0,0.43051934242248535,0
4272887201#4272885125,0,0.3290075361728668,0
4808134153#2069774757,0,0.013063700869679451,0
4657354311#4933360994,0,0.011525650508701801,0
1497880313#1438326380,0,0.6196900606155396,1
4699510653#107725292534,0,0.08465197682380676,0
4385184631#49857216438,0,0.0024363165721297264,0
3495408683#189546061243,0,0.0011511018965393305,0
8431814058#1557919756,0,0.008624190464615822,0
4572374020#4730645460,1,0.7601911425590515,1
3287805133#4065797638,0,0.9481276869773865,1
4636381625#3046729281,0,0.001908293110318482,0
4346970606#4742698844,0,0.0007000750047154725,0
5067776785#3108657350,0,0.5810056924819946,1
2111818909#1770010645,0,0.7937504053115845,1
4223043910#174006932062,0,0.0006917636492289603,0
4065795443#3289002540,0,0.8539854884147644,1
4321048267#2055377631,0,0.9157413244247437,1
4259241183#4155510577,1,0.5562118291854858,1
1541880573#4202041822,0,0.7392863035202026,1
29607392514#3445564730,0,0.0026574500370770693,0
4715847880#32236834289,0,0.0020453131292015314,0
4657354285#4226659634,0,0.4096583425998688,0
422592070627#1694379811,0,0.0005419320659711957,0
2268304430#146778888902,0,0.0020543495193123817,0
4900378668#1903466347,1,0.8474103808403015,1
3628533316#207035576772,1,0.7565457224845886,1
5031406959#4065795443,0,0.0007338063442148268,0
4840773591#4659194738,0,0.0005267169908620417,0
4662042966#2074019451,0,0.0009081089519895613,0
3896015808#4530026053,0,0.002815386513248086,0
1456843034#3076859035,0,0.0009249005233868957,0
2068623358#2059052537,0,0.0032551141921430826,0
2199135578#1810185303,0,0.02503332681953907,0
1712570939#1727736762,0,0.4331643879413605,0
3557197892#2069774757,1,0.6810328960418701,1
2075914534#3403917033,0,0.2208007425069809,0
1778563602#1634282673,0,0.2038046270608902,0
422592070627#4435686270,0,0.024476004764437675,0
38202857246#1543155210,0,0.00032561426633037627,0
4416668620#3629624977,0,0.001134418649598956,0
1543155210#1951195150,0,0.0003419830754864961,0
5167083430#3446029032,0,0.0006497956928797066,0
3042764047#4437827660,0,0.7319297790527344,1
3764759336#3513178266,0,0.48242509365081787,0
4155510577#3967431644,0,0.0031739906407892704,0
111568230982#2058132898,1,0.75909423828125,1
4417849752#1867286717,0,0.4315941035747528,0
3461052410#1318260275,0,0.0005198523867875338,0
4223934140#1639390814,0,0.0019127923296764493,0
4285709211#4285709207,0,0.5466701984405518,1
5060996735#4317041484,0,0.4283334016799927,0
1878732185#2060257095,0,0.6081967353820801,1
4321048267#2056662276,1,0.9099154472351074,1
1594535010#111110399548,0,0.004283519461750984,0
1778563595#4232471781,0,0.001211698865517974,0
1438441444#1398682725,0,0.7835129499435425,1
3403917033#3926916973,0,0.401045024394989,0
5007075941#2112576214,0,0.0007593383779749274,0
3245545040#1541880573,0,0.0031898741144686937,0
2120155505#2115151765,0,0.23186570405960083,0
1321409006#1813034413,0,0.8884409666061401,1
4129122420#4196598949,0,0.8639581203460693,1
1457252585#3972924699,0,0.00135275989305228,0
2359435242#3052180518,0,0.8706773519515991,1
4643898157#4285709211,0,0.003607008373364806,0
2007934907#100995265790,1,0.9061169624328613,1
2003710867#4551054156,0,0.0054887281730771065,0
3124123344#580549064505,0,0.0005255124415270984,0
14613461654#14613461939,0,0.1141183152794838,0
4687116172#18467669365,0,0.006388953421264887,0
5181571321#1951195150,0,0.0011639550793915987,0
303600075141#336556403061,0,0.2330506592988968,0
314601953357#22859701254,0,0.0037930014077574015,0
3831256267#1816929342,0,0.6273975968360901,1
4231111906#4636446230,0,0.012687191367149353,0
4715847880#2003710867,0,0.6926531791687012,1
1843271409#4285709211,0,0.026162663474678993,0
4272887201#2064730522,0,0.8970041871070862,1
309670736915#4712246454,0,0.00033526128390803933,0
97014870931#2055377631,0,0.2254062443971634,0
2092610533#156277208014,0,0.0005281500634737313,0
3446029041#3683502845,1,0.9442455768585205,1
2092610536#2092610533,0,0.25958746671676636,0
1639832922#4623570105,0,0.0020900985691696405,0
4285709207#4285491833,0,0.7146948575973511,1
4471122121#4465664542,0,0.0008614585967734456,0
1634282673#1778563597,0,0.0660170465707779,0
1751247315#4915591396,0,0.0031883674673736095,0
4091921695#3926916973,0,0.0018444476881995797,0
4437827660#2056662276,0,0.0004591148463077843,0
4840773591#174007019522,0,0.0006539401365444064,0
4157496031#4451289887,0,0.0013987142592668533,0
3299599421#14613435427,0,0.0006713904440402985,0
1712080073#1711852573,0,0.15650518238544464,0
1574873794#3445564730,0,0.0007733097882010043,0
2338916683#1438483240,0,0.0020108483731746674,0
309312101477#4003298247,0,0.0012933512916788459,0
4346970606#156277208014,0,0.0004413242277223617,0
2068623358#1710094724,0,0.693503201007843,1
86283717806#1694379811,0,0.0012649833224713802,0
2059124992#4385184631,0,0.017142409458756447,0
5031406959#2114975127,0,0.7637581825256348,1
4285491833#2061309144,0,0.0005083764554001391,0
2275666316#3474685536,0,0.0007957015186548233,0
1537709308#1537709317,0,0.6319695115089417,1
4451124306#86626661064,0,0.001328710000962019,0
1665894324#1921223120,0,0.09405156970024109,0
4393085087#4680204120,0,0.03245120868086815,0
3949154897#1650171814,0,0.005361414048820734,0
54158093151#4748650954,0,0.0012110411189496517,0
3050045988#18468690620,0,0.0002778899797704071,0
4210985419#3411721643,0,0.0006760297110304236,0
4206812485#3642422898,0,0.8564733266830444,1
2117967935#4623570105,0,0.17268919944763184,0
2275666316#174007019522,0,0.0047884476371109486,0
4215038721#4699510653,0,0.0028016995638608932,0
2112576214#4479096588,0,0.2031359076499939,0
1740857110#4451288784,0,0.0006511952960863709,0
4346970606#4797396841,0,0.0009678173810243607,0
1634282673#1633806208,0,0.0006243584211915731,0
1321409006#1816428069,0,0.8527806401252747,1
4479070818#4748650954,0,0.732771098613739,1
4538003565#4589929428,0,0.0006782951531931758,0
1472057117#3287805133,0,0.10287126898765564,0
3404019551#2247165276,0,0.38433483242988586,0
4620685919#3806980943,0,0.7965251803398132,1
3881831374#6015919609,0,0.00135417387355119,0
1656969942#3061887519,0,0.52045077085495,1
4099641396#4298588573,0,0.6362993717193604,1
4972894326#14613464513,0,0.8151556849479675,1
3439202323#1780678934,0,0.02751840651035309,0
1430988070#1875282048,0,0.0007554808398708701,0
1778563602#1727736762,1,0.2761865556240082,0
157726428514#189546061243,0,0.7567521333694458,1
422592070627#3633572726,0,0.0003558712487574667,0
1751364886#4623949169,0,0.7221423387527466,1
86626661064#5018389488,0,0.004192782565951347,0
1701333847#1374772535,1,0.8580925464630127,1
3054671141#4022447951,0,0.002701347228139639,0
1650171814#5208946130,0,0.000784330302849412,0
1533602348#4726704241,0,0.4434010684490204,0
4643943359#4944579314,0,0.8979560732841492,1
2111351705#2111350136,0,0.3877486288547516,0
4658956014#4536450435,0,0.001141939777880907,0
2053826326#422592070627,0,0.3400905430316925,0
174006932062#121528725386,0,0.5070756673812866,1
2150036453#1816929342,0,0.0772891640663147,0
5104418469#3403897392,0,0.0004594972706399858,0
3727491058#1811606488,0,0.7961171269416809,1
4417849752#4416668620,1,0.8659973740577698,1
1326086493#5215138753,0,0.6716495752334595,1
4214739605#3609077013,0,0.004388966131955385,0
2070908197#376973981474,0,0.0006983588100410998,0
2068623358#4631852445,0,0.028556497767567635,0
2055377631#4289077889,0,0.0010787643259391189,0
3934602500#1430988070,0,0.08943966776132584,0
4726704241#4643011415,0,0.5349321365356445,1
5173394727#4973150488,0,0.0009411814389750361,0
4405676807#4219781521,0,0.0009903021855279803,0
3633572726#3550931655,0,0.8645722270011902,1
4538332005#1316058339,0,0.0004407390078995377,0
4808134153#1415647813,0,0.3468381464481354,0
5087832312#1696438060,0,0.00518083618953824,0
1882929309#1316058339,0,0.0010270874481648207,0
4206267336#1419344414,0,0.0006197199691087008,0
1416528046#2175801910,1,0.49005794525146484,0
4077473357#4877427884,0,0.0007398771122097969,0
2058563113#1520168707,0,0.000607885594945401,0
2066624968#4631852445,0,0.0011434719199314713,0
2060355842#421393369392,1,0.830430269241333,1
4451089335#1743052872,0,0.0014196672709658742,0
4570764341#4722721497,0,0.0015080932062119246,0
3513178266#4202041822,0,0.030806535854935646,0
2057811649#1710094724,0,0.5931373834609985,1
2111350136#564144132292,0,0.0003939750022254884,0
3477269989#3474685537,0,0.8123728036880493,1
2175801910#2027838359,0,0.7368514537811279,1
314601953357#1770010645,0,0.001347776735201478,0
4959321228#1497880313,0,0.0035626767203211784,0
4584646241#4391918874,0,0.4215533435344696,0
1374772535#4657354311,0,0.01893736980855465,0
3791139342#3967431644,0,0.0008090967894531786,0
4417818851#2055255869,0,0.0030442888382822275,0
2168053392#4589678847,0,0.21023675799369812,0
41375214069#2062845102,0,0.0015272828750312328,0
1712080073#1711687490,0,0.04082730785012245,0
21269204096#4205538788,0,0.00026909762527793646,0
4781194041#4841409785,1,0.6290473341941833,1
4898730640#4828654874,1,0.6804291009902954,1
4899954714#3806980943,0,0.0009284985717386007,0
364679238122#1701333916,0,0.0008904002024792135,0
2148153592#2059400154,0,0.07631904631853104,0
3056067914#2336490445,0,0.0023627968039363623,0
14613461654#14613466961,0,0.11608956754207611,0
2057811649#237523614768,0,0.004470100626349449,0
2057051388#3954668240,0,0.5578821301460266,1
4589595738#2113760999,0,0.0005192080861888826,0
4285491833#4285709211,0,0.5876720547676086,1
48926966870#2054753273,0,0.4130219519138336,0
3628839717#4335156801,0,0.00523128779605031,0
2068623358#4680203965,0,0.592718243598938,1
3054671141#3517506225,0,0.013324438594281673,0
4495044650#4735503306,0,0.010690484195947647,0
3764759336#2115880476,0,0.28838488459587097,0
1684789889#4715847880,0,0.7752169370651245,1
4662042966#4663785560,0,0.7628061771392822,1
4680204120#79993360240,0,0.0004611493495758623,0
1374772550#1701333915,0,0.8117547631263733,1
3044853716#2055886100,0,0.5720454454421997,1
1951195150#4808134153,0,0.0030228528194129467,0
4635981164#3107598853,0,0.0004424123908393085,0
138962685339#276611684552,1,0.7800092697143555,1
4643011415#1533602348,0,0.5233847498893738,1
4256926363#4933360994,0,0.017265569418668747,0
2115880476#4034038494,0,0.11089552938938141,0
4215058789#4215038721,0,0.07838413864374161,0
3628839722#3628839717,0,0.3552343547344208,0
1646275700#1816430010,0,0.29077890515327454,0
124021630369#3683502845,0,0.0007592186448164284,0
4479095804#4479096850,0,0.45714977383613586,0
4699510653#107725290582,0,0.04056805744767189,0
3517506225#1914403252,1,0.4365181624889374,0
2183963548#2026258519,0,0.8199418187141418,1
1537709317#2338916683,1,0.7445591688156128,1
4755359264#314601953357,0,0.0019403186161071062,0
3107598853#1438441444,0,0.8179728984832764,1
4439737367#4435913614,0,0.0008376070181839168,0
3550979323#3259289288,0,0.0009872142691165209,0
2176735919#2056078364,0,0.5672118663787842,1
4439426144#4256622048,0,0.0003271043242421001,0
4065795443#4439737367,0,0.01771305315196514,0
2066509477#5037293131,0,0.0028101117350161076,0
1500022510#5087832312,0,0.013470853678882122,0
4317041484#4327866563,0,0.0013216716470196843,0
4040016243#2057145715,0,0.0012808205792680383,0
1867286717#4781194041,0,0.3424282670021057,0
2163049577#2114049002,0,0.6652441620826721,1
237523614768#5128222238,0,0.007170978933572769,0
4435528162#3836676657,0,0.7298531532287598,1
364679238122#4658620132,0,0.0017665378982201219,0
3061887519#5003601219,0,0.6517164707183838,1
1326086493#4893633475,0,0.0024555285926908255,0
2066535766#487126887411,0,0.0005887883598916233,0
3359180052#3594649033,1,0.63603276014328,1
41713266437#54161674630,0,0.7247099876403809,1
2183968048#2183963548,0,0.37978535890579224,0
4140165052#4426740219,0,0.6834946870803833,1
2111872187#2067179166,0,0.0018871264765039086,0
4653616782#2054657150,0,0.020812368020415306,0
3889395495#4893633475,0,0.0018003741279244423,0
2067571192#5087832312,0,0.0035161899868398905,0
1543155210#1878732185,0,0.5377016663551331,1
4680095395#1727736762,0,0.0008347855182364583,0
1778563597#156277207697,0,0.00042735470924526453,0
3794247232#111568230982,0,0.6372129917144775,1
2296451977#2296574953,0,0.3529382348060608,0
3032709817#1627738213,0,0.0007538677891716361,0
336556403061#1728174555,0,0.6175708770751953,1
4323500487#4479070818,0,0.5207929015159607,1
4851901157#4285709207,0,0.001828097039833665,0
4219781521#564144132292,0,0.003921355586498976,0
3043492443#4354044382,0,0.0029481297824531794,0
3490539439#4015322905,0,0.0006825874443165958,0
4393085087#3881831374,1,0.6986390352249146,1
2075416140#3044853716,0,0.000613167358096689,0
4479096588#4289077889,0,0.0006396896787919104,0
4209814745#3920807098,0,0.002345120534300804,0
4495500756#18465816919,0,0.0006509675877168775,0
1437868238#4589673799,0,0.0006231254665181041,0
4165151066#3683502845,0,0.0008293745922856033,0
5154681248#157726428514,0,0.0021074835676699877,0
2074019451#3968945784,0,0.0013629444874823093,0
3108657350#1784900254,0,0.01217834185808897,0
376973981474#4157496031,0,0.0005326182581484318,0
1751364880#4619195159,0,0.001178939244709909,0
4157551094#4272137501,0,0.48395848274230957,0
4898626808#3124123344,0,0.0016124945832416415,0
97014870931#3637042235,0,0.0011193046811968088,0
2056662276#97014870931,0,0.10916618257761002,0
4479095804#4261185678,0,0.08226807415485382,0
53263275323#1394397775,0,0.0016442639753222466,0
2060355842#22859701254,0,0.0013489042175933719,0
1671393307#3056067914,0,0.0007381727918982506,0
4071233134#3446029032,0,0.9256384968757629,1
4915591396#2727127831,0,0.0002676241274457425,0
7161172172#5214033793,0,0.0003619639319367707,0
564144132292#111568230982,0,0.00042742316145449877,0
146011937628#1921223120,0,0.04463386535644531,0
3259289288#5123189260,0,0.5638545751571655,1
2359348328#4750249486,0,0.00046553066931664944,0
1430988070#2116342008,1,0.6899424195289612,1
3446029040#2329543699,0,0.004495871718972921,0
3896015808#4668248026,0,0.0009853747906163335,0
2066509477#4657354311,0,0.0008131302311085165,0
3259289288#4435913614,0,0.0013246072921901941,0
1374772535#156277207697,0,0.00114506168756634,0
2180579787#2183428945,0,0.22222499549388885,0
3954668240#1847712017,0,0.6764512062072754,1
4538332005#54158093151,0,0.0008243980701081455,0
4450602322#2114341514,0,0.0006101022008806467,0
3555205657#3501281334,0,0.8877012133598328,1
1727736762#4397595587,0,0.0006039752624928951,0
1780678934#4140165052,0,0.016016066074371338,0
3967431644#2062782802,0,0.0024149157106876373,0
2455800880#14613465315,0,0.7405396699905396,1
2056078364#3050152494,0,0.46733593940734863,0
2114975127#4179651570,0,0.001256589195691049,0
4179651570#276611684552,0,0.005882905796170235,0
4628467232#1415647813,0,0.7119792103767395,1
14613464513#14613461654,0,0.22633400559425354,0
2059400154#4004772536,0,0.0006088533555157483,0
2059052537#3056067914,0,0.31052926182746887,0
4408616491#5090085713,0,0.018336936831474304,0
2068602973#2066624973,0,0.027320127934217453,0
54161674630#5095503840,0,0.6485747694969177,1
4929499262#3032709817,0,0.8557726740837097,1
2339749085#14613465315,0,0.0010640312684699893,0
2059052537#1818739935,0,0.06798111647367477,0
38406123057#2297005450,0,0.9079943299293518,1
4291077418#45531943201,0,0.002098575234413147,0
4417818851#2339749085,0,0.00218404084444046,0
3236601708#2092610533,0,0.004604601766914129,0
2003336437#1647227082,0,0.24087148904800415,0
4742698844#87720200914,0,0.4855710566043854,0
4260680249#4165151066,0,0.29763782024383545,0
1921223120#5059261580,0,0.0006849209894426167,0
4454965094#5163452200,0,0.0012035524705424905,0
5090005101#4393085087,0,0.007922166958451271,0
4129122420#1438441444,0,0.7116225361824036,1
2060185514#1711687490,0,0.002058404730632901,0
5163452200#29607392514,0,0.7160115242004395,1
2055255869#4209814745,0,0.00034204943221993744,0
2092938385#4384414279,0,0.02730335108935833,0
1816428069#1816427364,0,0.209881991147995,0
2168053392#4589595738,0,0.14698661863803864,0
7161172172#5018368651,0,0.2066396176815033,0
2007847537#4715847880,0,0.04580256715416908,0
3501285885#1653994308,0,0.8902406096458435,1
156274514359#3214249595,0,0.00046798892435617745,0
2338131041#1537709311,0,0.6845435500144958,1
1712080073#3052165975,0,0.0004186110745649785,0
1816929342#1817644740,1,0.5510159134864807,1
3772512066#4735503306,0,0.04270205646753311,0
4746144353#4972894326,0,0.0007983772666193545,0
45531943201#41713266437,0,0.7173545956611633,1
4210985419#4893633475,0,0.011941367760300636,0
1784900254#2069774757,0,0.0015777730150148273,0
4657354294#3404019551,0,0.0011301693739369512,0
53263275323#4653616782,0,0.8797377943992615,1
3835278364#2007934907,0,0.8213838934898376,1
4196521320#4641374150,0,0.0008773716981522739,0
23230310067#5169557343,1,0.8223628997802734,1
4204386191#3849817492,1,0.9028211832046509,1
1816428069#1840606003,0,0.4968973994255066,0
2135316663#5104418469,0,0.002684105886146426,0
2056478070#1639219119,0,0.6836824417114258,1
2066535766#1416827061,0,0.5719689726829529,1
4941134416#4218561827,0,0.05990287661552429,0
3882201915#3949154929,0,0.1375117003917694,0
4022447951#3754155310,0,0.0336092934012413,0
4209814745#1537709304,0,0.5195192098617554,1
201663692217#406088738482,0,0.011038476601243019,0
3461052410#5027483278,0,0.019019536674022675,0
4272137501#4214739605,0,0.02200579270720482,0
1778563595#1537709311,0,0.0006263123941607773,0
3644272514#3446029040,0,0.9458434581756592,1
19705527158#107725292534,0,0.0005215915734879673,0
70183897754#4536450435,0,0.0006178174517117441,0
53263229623#3860948251,0,0.0003651678271126002,0
2359348328#2067179166,1,0.7646023035049438,1
4726704241#3594649033,0,0.670071542263031,1
4972894677#2455842713,0,0.7434468269348145,1
4256926363#4542386587,0,0.0005381499649956822,0
2059124992#5210078086,0,0.0011077008675783873,0
3968945784#4687116172,0,0.4900211989879608,0
7161173338#1696208496,0,0.0005118135013617575,0
102514982310#121528725386,0,0.6990330219268799,1
1712570793#3438816692,0,0.003916763700544834,0
219547393842#5174571094,0,0.0004983225953765213,0
8431814058#1867286717,0,0.0005350043647922575,0
1878732185#1394397775,0,0.7531195878982544,1
1728174549#4132281843,0,0.7877012491226196,1
1637980981#3551393130,0,0.0003578911710064858,0
2092610536#4071233134,0,0.015779102221131325,0
4763332016#2067571192,0,0.002107011154294014,0
2063588766#1316556785,0,0.0005575598333962262,0
3648904906#4317041484,0,0.3338165283203125,0
1665894324#1765891797,0,0.0008852332830429077,0
3555205657#3287805133,0,0.8429601192474365,1
2058316912#4843831604,0,0.3647446036338806,0
4057032761#4451124293,0,0.6084074974060059,1
1627587582#4259429802,0,0.0007745391339994967,0
4840773591#3727491058,0,0.005207946989685297,0
4619195159#1520168707,0,0.4831368327140808,0
1780678934#1782357780,1,0.490018367767334,0
3580539229#3249354040,0,0.826393187046051,1
1386747994#2062045929,0,0.0017490317113697529,0
5167083430#5169253299,0,0.853629469871521,1
5007075941#3477269989,0,0.008459354750812054,0
4451289887#2551494872,0,0.001113713951781392,0
4705583754#4489521100,0,0.0019275895319879055,0
5169557343#4542039020,0,0.40355193614959717,0
1594535010#2026069710,0,0.05926487222313881,0
373850283306#373850284448,1,0.8883727192878723,1
4792436579#2168053481,0,0.00023195431276690215,0
3926916973#1721524699,0,0.04224638268351555,0
3114734058#2159739481,0,0.02444269508123398,0
2116342008#3052180518,0,0.7798082828521729,1
4231111906#97115452949,0,0.0020981119014322758,0
109165560395#189546061243,0,0.679261326789856,1
4993036319#580549064505,0,0.00046869873767718673,0
1438326380#4289086328,0,0.0045021395199000835,0
8431814058#2114341514,0,0.8672067523002625,1
4003298247#1784900254,0,0.0012052664533257484,0
4285709211#4316999113,0,0.6136078238487244,1
4623934568#183335907108,0,0.001400174805894494,0
2007934907#97014870931,0,0.04377125948667526,0
1818739935#2338916683,0,0.002793127903714776,0
3860948251#3299599421,0,0.002642245963215828,0
1415554755#3691000538,0,0.0005623474717140198,0
3487828521#4448830722,0,0.004800077993422747,0
38202856033#4663785560,0,0.046507105231285095,0
2056662276#2055377631,0,0.4786273241043091,0
1951195150#107725292534,0,0.0002898008970078081,0
2070627808#2092610536,0,0.0006919667357578874,0
1398682725#3435281641,0,0.188470259308815,0
4479095804#4699510653,0,0.4157726764678955,0
3419405027#2026258520,0,0.0015817139064893126,0
1313607746#4972894326,0,0.0006482672761194408,0
4411426624#3304467506,0,0.002399276942014694,0
5027483278#2111350136,0,0.0011150605278089643,0
3403917033#406088738482,0,0.12585268914699554,0
4658956014#2054817755,0,0.0018696906045079231,0
1497939109#4735432768,0,0.0009158205357380211,0
4620294540#3438816692,0,0.8646411299705505,1
2235828707#2062075980,1,0.8269691467285156,1
2054733437#1878732185,0,0.425491064786911,0
1962074579#4140165052,0,0.6594810485839844,1
4720389596#4289077889,0,0.0003404590243007988,0
4623949166#4004772536,0,0.0004795138374902308,0
4716933437#4897048724,0,0.003344680182635784,0
564144132292#2062075977,0,0.0024895640090107918,0
4933360994#3487828521,0,0.011376908980309963,0
4915591396#5208946130,1,0.813812255859375,1
1816428069#1813034413,0,0.8195860981941223,1
2119476678#2119398744,0,0.7254655361175537,1
4274235353#1752749942,0,0.001136958715505898,0
5123189265#7161172172,1,0.446441650390625,0
1709057480#4620294540,0,0.3989996910095215,0
14613461654#4201830454,0,0.0033774820622056723,0
3451234547#3513178266,0,0.1513836830854416,0
4145496082#4077473357,0,0.012599053792655468,0
2114049002#3848611844,0,0.11303476244211197,0
4973150488#14613466961,0,0.8688386678695679,1
2117967935#3794247232,0,0.0006844670861028135,0
29607392514#2297005450,0,0.859749972820282,1
3054434630#2062766801,0,0.04799845069646835,0
4620261674#4195960848,0,0.0011488490272313356,0
2120851333#1311812490,1,0.2599247992038727,0
1701333915#1701333847,0,0.16048991680145264,0
29608029868#29607392514,0,0.35239794850349426,0
1438326380#1497939109,1,0.7902446389198303,1
4414530598#5060996735,0,0.0003749514289665967,0
2026258521#2183428945,1,0.7294395565986633,1
5182742886#4929499262,0,0.13952770829200745,0
46983614517#4643718292,0,0.002336372621357441,0
3517506225#4354044382,0,0.0003438727289903909,0
2118416856#4339070553,0,0.005529553163796663,0
4437827660#1843271409,1,0.6975805759429932,1
4259429802#4973150488,0,0.0005438699736259878,0
4792436579#4750249486,1,0.8626673221588135,1
1882929309#3550931655,0,0.09526855498552322,0
4538332005#1696208496,0,0.0008206969359889627,0
1727736762#1712573177,0,0.5717229843139648,1
4877427884#4454965094,0,0.0006512936670333147,0
5214033793#4699280965,0,0.0002534966915845871,0
2183963548#2026258521,0,0.818559467792511,1
3633572726#307718000196,0,0.0008335236925631762,0
1672066227#21269204096,0,0.0006075699348002672,0
3882201915#4584646241,0,0.6125878095626831,1
4157496031#4197138413,0,0.008036896586418152,0
4157551094#2066624968,0,0.001190063077956438,0
2111041560#1497880313,0,0.05918323993682861,0
3495408683#4897048724,1,0.3380417227745056,0
4003298247#4417849752,0,0.46852874755859375,0
102514982310#2114716134,0,0.0009545075590722263,0
3798986721#48926966870,0,0.0004976577474735677,0
4898730640#3289002505,0,0.004839424043893814,0
4797396841#113196401893,0,0.9139743447303772,1
2054657150#2054657143,0,0.6297585964202881,1
1728174555#2067377960,0,0.005795060191303492,0
4416668620#4841409785,0,0.11222030967473984,0
5165108496#5197586202,0,0.6634027361869812,1
4742698844#4653616782,0,0.6485857367515564,1
1694379811#2298730254,0,0.005021047778427601,0
4015422065#5018023921,0,0.4894253611564636,0
87820911338#2168053392,0,0.0005479590618051589,0
29608029868#29299331674,0,0.8051170706748962,1
1743052872#2056078364,0,0.9272359609603882,1
2176735919#4470296934,0,0.8011285066604614,1
4750249486#3999176481,0,0.8569871187210083,1
4628867825#1570945860,0,0.0004951509181410074,0
4720389596#4223043910,0,0.0005307737737894058,0
2058222393#2270062912,0,0.0008236953290179372,0
4027742647#2117967935,0,0.0003740007523447275,0
373850284448#2114975127,0,0.0006234702887013555,0
2061309144#1878732185,0,0.2912052273750305,0
4642512906#4933360994,0,0.33690345287323,0
49857216438#4893633475,0,0.004455859307199717,0
110232280082#4437827660,0,0.015509486198425293,0
10530767652#156277208014,0,0.00046379814739339054,0
4279029102#2235828707,0,0.008457878604531288,0
38448881724#1696095096,0,0.0015276784542948008,0
1528865186#4536041187,0,0.016055379062891006,0
1951195150#4040016243,0,0.7625793814659119,1
5318769457#4157280271,0,0.003168006893247366,0
3988152389#3999176481,1,0.8777197599411011,1
4165585148#2092938385,0,0.7542113661766052,1
1594535010#107725290582,0,0.0004017750616185367,0
4071233134#3446029041,0,0.890540361404419,1
1765891797#4130010417,0,0.00938111450523138,0
97115452949#1633806208,1,0.5716243386268616,1
1416528046#1438441444,0,0.00043965093209408224,0
3770456617#1415554755,0,0.4797116219997406,0
4317041484#3648904752,0,0.5733309388160706,1
53263275323#50602309472,0,0.8304981589317322,1
1953270965#2113288221,0,0.7227760553359985,1
1438326380#1694379811,0,0.12892106175422668,0
1905948078#1565925308,0,0.8657393455505371,1
4140165052#4450888165,0,0.1680966317653656,0
1743052872#2111041560,0,0.8995959162712097,1
21269204096#173652977366,0,0.0024452332872897387,0
4673557611#4735503306,0,0.5917736887931824,1
4397595587#4841409785,0,0.1856233775615692,0
5003601219#146011937628,1,0.9340741634368896,1
4913742546#1570945860,0,0.00038702061283402145,0
18468580547#5167083430,0,0.8436540365219116,1
580549064505#1696208496,0,0.0006567338714376092,0
2115880476#3551393130,0,0.0029946137219667435,0
3626237468#4099641396,0,0.41026243567466736,0
2120851333#1477293192,0,0.5030351281166077,1
1711687490#4091921695,0,0.0007125468691810966,0
4247271139#4726704241,0,0.0005000695819035172,0
4232471781#4657354285,1,0.17088940739631653,0
2092174215#1637980981,1,0.6316149830818176,1
87820905399#3490539439,0,0.1667376458644867,0
4316999082#3949154897,0,0.003279427532106638,0
4825375981#4180609537,1,0.4872265160083771,0
3626237468#1953270965,0,0.0016775738913565874,0
2343156405#2159739481,0,0.7417151927947998,1
5087832312#1415647813,0,0.01224609650671482,0
146011937628#1654102057,0,0.19759207963943481,0
2135316663#2159452221,0,0.6237228512763977,1
4157551094#291173146171,0,0.011723212897777557,0
4840773591#4579172309,0,0.0007089389837346971,0
2060253226#3046729281,1,0.6660181879997253,1
4514269980#4893633475,0,0.6665349006652832,1
1635692869#4851901157,0,0.8180087804794312,1
4581502608#4538003565,0,0.003017183393239975,0
3359180052#4589929428,0,0.031206311658024788,0
2235828707#1401982678,0,0.3701859712600708,0
4631852445#2114049002,0,0.0036276476457715034,0
2058132898#3794247232,0,0.7024436593055725,1
1640340946#2061022206,0,0.7359748482704163,1
2056128836#4260680249,0,0.015003257431089878,0
4730645460#4636446230,0,0.0035404774826020002,0
156893097471#174006932062,0,0.8144969940185547,1
1867262556#7026230674,0,0.0004102966922800988,0
4439737367#34888001864,0,0.00154700200073421,0
2071751695#18468687381,1,0.8811161518096924,1
2159452221#2055886100,0,0.7874534130096436,1
91686025987#2604119334,0,0.0017944435821846128,0
4471122121#4653616782,1,0.5457128882408142,1
3404019551#4658620132,0,0.0012430393835529685,0
2336490445#2120472151,0,0.0006127855740487576,0
4658620132#309670736915,0,0.005184757057577372,0
3445564730#2135316663,0,0.0007652573403902352,0
1671393307#4022447951,0,0.0006283883121795952,0
4479070818#3249354040,0,0.0005055859219282866,0
4643898157#2135316663,0,0.0070966435596346855,0
3967431643#4495500756,0,0.003073287196457386,0
4451289887#3446029040,0,0.8922312259674072,1
4893633475#2112794415,0,0.004019541200250387,0
2079581946#4454991968,0,0.010622205212712288,0
4843831604#4851901157,0,0.6763080954551697,1
1477156406#2159739481,1,0.7783513069152832,1
2057145715#2338916683,0,0.058786001056432724,0
38406123057#5163452200,0,0.8716464638710022,1
3439202323#1438326380,0,0.0005901592085137963,0
47752312088#4755359264,0,0.8171373605728149,1
18469192585#3411721643,0,0.00047739973524585366,0
3282474651#2270062912,0,0.0009284269181080163,0
3052180518#1453527936,1,0.7750300765037537,1
4201830454#14613464513,0,0.0019381644669920206,0
3513178266#1751247315,0,0.0005636928253807127,0
5197586202#19705527158,0,0.6287276148796082,1
3628839717#3628839716,0,0.4619322419166565,0
2067377960#1701333847,0,0.739359974861145,1
4200577198#2199135578,0,0.0013818475417792797,0
3249354040#3245545040,0,0.7416291236877441,1
292830032329#70183897754,0,0.005568081978708506,0
1497880313#4414530598,0,0.0008457529474981129,0
4065795443#3289002505,0,0.7994105815887451,1
4900378668#1472057117,0,0.14719921350479126,0
1813034413#406088738482,0,0.003988942597061396,0
4015422065#1640340946,0,0.0004228019970469177,0
6015919609#1639219119,0,0.7141161561012268,1
3648904752#2270062912,0,0.9041034579277039,1
2060185518#1528865186,0,0.3936106562614441,0
3628839722#3451234547,0,0.5525105595588684,1
2092610533#4926426630,0,0.00908735953271389,0
110232280082#54158093151,0,0.0018524624174460769,0
2061448091#111568230982,0,0.0009413661900907755,0
2270062912#4439426144,0,0.0021893815137445927,0
4534359957#4077473357,0,0.0035662264563143253,0
2183968048#2181531828,0,0.4860949218273163,0
1882929309#3809186919,1,0.8878939151763916,1
4451288784#146011948003,0,0.0007832312840037048,0
1951195150#4658620132,0,0.005681204609572887,0
4205424867#3075628047,0,0.029947763308882713,0
2056078364#1382214880,1,0.6897327303886414,1
3347114660#4145588659,0,0.8468494415283203,1
3903241588#4536041187,0,0.7110577821731567,1
2120851333#4619195159,0,0.17290981113910675,0
4589820532#3477269989,0,0.003598369425162673,0
4579172309#4658620132,0,0.060936711728572845,0
2551494872#1921223120,0,0.005761601030826569,0
54161674630#29299331674,0,0.014457340352237225,0
5128222238#5183692300,0,0.8942381739616394,1
2268287413#2359348328,0,0.18474188446998596,0
4003298247#5163452200,0,0.00119210802949965,0
2058316912#4700047151,0,0.0005505268927663565,0
2117967935#18465851371,0,0.0007805913919582963,0
1472057117#303600075141,0,0.02013860084116459,0
50602309472#11087571368,0,0.5546197295188904,1
3934602500#3052180518,0,0.1335407942533493,0
4439737347#3044853716,0,0.0006706588319502771,0
4898730640#406088738482,0,0.0017394074238836765,0
5037293131#4015322905,0,0.0006541658658534288,0
1438441444#4206812485,0,0.6759888529777527,1
2069774757#4735503306,0,0.004485796671360731,0
1537709308#1537709311,0,0.776120126247406,1
1541880573#4514269980,0,0.10219698399305344,0
7161172305#7161173338,0,0.44873589277267456,0
2119476678#4339070553,0,0.009259767830371857,0
1639219119#2296451977,0,0.8244236707687378,1
5169257472#3709672083,0,0.07964476943016052,0
4057032761#3633572726,0,0.003511646529659629,0
4944579314#1656969942,0,0.0008850510930642486,0
4223004786#5208946130,0,0.006295591592788696,0
4570764341#3214249595,0,0.6548492312431335,1
4289077889#1701333915,0,0.0003481233725324273,0
4411426624#4205424867,0,0.003876895410940051,0
4581502608#4680204120,0,0.000945923151448369,0
3513178266#3628839717,0,0.6773154139518738,1
3245545040#3629624977,0,0.9188453555107117,1
5182742886#5027483278,0,0.0004172855115029961,0
3107598853#4206812485,1,0.783896803855896,1
5095503840#45531943201,0,0.723320484161377,1
4057032761#4215027256,0,0.6513362526893616,1
4589820532#1778563597,0,0.001748757786117494,0
2063706226#2068602973,0,0.4028889834880829,0
2059483876#1543155210,0,0.782791018486023,1
3630377420#4623570105,0,0.001085443771444261,0
4672808661#106964376935,0,0.5402988195419312,1
1665894324#2551494872,0,0.628049373626709,1
2068623358#1570945860,0,0.44029074907302856,0
2062845102#4218561827,0,0.005824143532663584,0
2058222393#4165585148,0,0.008871527388691902,0
4657354311#4316999082,0,0.0021626779343932867,0
49857216438#5014897285,0,0.5191664099693298,1
4572380856#2079581946,0,0.0006118380697444081,0
3214249595#2066624973,0,0.7065582275390625,1
1438441444#4479424072,0,0.8338618874549866,1
4205424867#2059052537,1,0.7651288509368896,1
2061448087#1537709304,1,0.7254287600517273,1
4219781521#4200577198,0,0.03717532008886337,0
1656969942#5173394727,0,0.15426436066627502,0
3487828521#3712801411,0,0.0016130374278873205,0
2026258519#3044025040,0,0.0007353033288381994,0
1453532038#2118416856,0,0.029766874387860298,0
1696438060#1709057480,0,0.4070369303226471,0
4034038494#3445564730,0,0.7087163329124451,1
4479070818#4572636295,0,0.7721971869468689,1
3835278364#1633806208,0,0.7095425128936768,1
23230310067#4542039020,0,0.5383180379867554,1
1816430010#2007329552,0,0.527276873588562,1
2061309144#8431814058,0,0.00032574686338193715,0
4272843119#3836576451,0,0.08917033672332764,0
1962074579#2056128836,0,0.9001792073249817,1
4259429802#4316999113,0,0.37682613730430603,0
4840773591#2069985286,0,0.012089207768440247,0
4620294540#4200562083,0,0.004942694678902626,0
49857216438#3359180052,0,0.0008705108775757253,0
5018389488#5208946130,0,0.02585890144109726,0
2079572106#1416827061,0,0.6364628672599792,1
3831256267#2054753273,1,0.7948394417762756,1
4161797606#303600075141,0,0.28591063618659973,0
3525845999#1816428069,0,0.002424104604870081,0
1565912494#1528865186,0,0.5685878396034241,1
2062766801#3403897392,0,0.943958580493927,1
174006932062#150594502346,0,0.07283637672662735,0
4401870234#3628533316,0,0.0004938572528772056,0
3630377420#4900256072,0,0.0014355328166857362,0
4437827660#4439737347,0,0.33365970849990845,0
1684789889#3630377420,0,0.8241531252861023,1
1867262556#1867286717,0,0.7411020994186401,1
2054781193#4439737347,0,0.0026960610412061214,0
4354044382#18468580547,0,0.0008172861416824162,0
3903296442#2119398744,0,0.6591557860374451,1
4667944802#4668248026,0,0.7563066482543945,1
97014870931#4223934140,0,0.0011136459652334452,0
4226659635#4910561821,0,0.0017171907238662243,0
3403917033#3403897392,0,0.1608092039823532,0
307718000196#2270062912,0,0.0005286489031277597,0
3401731422#4628482537,0,0.0006255028420127928,0
4219781521#4015422065,0,0.0019175100605934858,0
4530026053#4157496031,0,0.000413504836615175,0
1813034413#1319944364,0,0.6645059585571289,1
3642422898#4196598949,0,0.9474668502807617,1
4452060617#4451089335,1,0.8588878512382507,1
2064730522#4272885125,0,0.44590550661087036,0
113196401893#1637581644,0,0.01949259638786316,0
4943160331#2176735919,0,0.0005017153453081846,0
4323500487#4748650954,0,0.7730357050895691,1
50602314209#2117948923,0,0.00029233141685836017,0
2055255869#2027890207,1,0.21650685369968414,0
3926867260#4202096119,0,0.0006870034267194569,0
4201830454#292830032329,1,0.7840925455093384,1
2169220658#2114975127,1,0.7555065155029297,1
2071751695#2078774568,0,0.467436820268631,0
3419405027#3954668240,0,0.8119438886642456,1
3557197892#2027929598,0,0.05699845030903816,0
5174571094#4452550298,0,0.0012557738227769732,0
29607392514#4642512906,0,0.11552820354700089,0
3269719212#50602309472,0,0.001176699879579246,0
5096293410#5104418469,1,0.6806542277336121,1
2062845102#4680203965,0,0.8262865543365479,1
4534359957#4435913614,1,0.8297483325004578,1
3929215225#3882026745,1,0.8285695314407349,1
4435686270#4065721591,0,0.564181387424469,1
4450888165#4260680249,0,0.0013569185975939035,0
4750249486#4780994423,0,0.010688199661672115,0
107725296889#107725290582,0,0.33465543389320374,0
1565925308#2060257095,0,0.7682908177375793,1
4867542841#1751247315,0,0.0018740722443908453,0
2114716134#2111349786,0,0.3351742923259735,0
212771874474#1565913509,0,0.0008042262052185833,0
1743052872#4130010417,0,0.0013571622548624873,0
4536041187#4658956014,0,0.3424142003059387,0
2003336437#2057342439,0,0.0012363160494714975,0
3054434630#3926916973,0,0.46057045459747314,0
3501281334#4730645460,0,0.03128373995423317,0
2452901483#2061022206,0,0.7926591634750366,1
2604119334#564144132292,0,0.13578277826309204,0
14613466961#4657354311,0,0.0007168530719354749,0
1565912494#1438483240,0,0.0034065181389451027,0
3999176481#4452060617,0,0.7086507678031921,1
3881831374#1565925308,0,0.0014319262700155377,0
4623949169#1751364880,0,0.6668657660484314,1
1639901072#2117967935,1,0.760425329208374,1
4057032761#3848611844,0,0.017210906371474266,0
4132281843#1728174555,0,0.42899465560913086,0
4972894677#3236601708,0,0.0006634528981521726,0
2075416140#2117967935,0,0.19918453693389893,0
2135054445#4572636295,0,0.0010668117320165038,0
2026258519#2026258521,0,0.3198957145214081,0
4426740219#4643011415,0,0.0005129128694534302,0
2112576214#1671393307,0,0.0005267662345431745,0
4451089335#4130010417,0,0.4708573520183563,0
14613465315#14613461939,0,0.23823484778404236,0
1627738213#2068623358,0,0.000845986302010715,0
4843831604#4672808661,0,0.6321357488632202,1
3637042235#1318260275,0,0.3125220537185669,0
4439737367#3042764047,0,0.9264330863952637,1
3882026745#4536041187,0,0.0016537727788090706,0
3727491058#2452901483,0,0.7951700091362,1
4536450435#1635692869,0,0.00096534239128232,0
4435528162#4542321633,0,0.8950300216674805,1
2063706226#18468188878,0,0.7428489327430725,1
10530767652#2092610536,0,0.0013015486765652895,0
3487828521#2069985286,0,0.0012956144055351615,0
2112576214#4451342506,0,0.7133831977844238,1
6015919609#18469192585,0,0.4561123251914978,0
7161173338#5123189260,1,0.5590003728866577,1
5018023921#2183968048,0,0.0022381937596946955,0
3044853716#2066624973,0,0.36419379711151123,0
2058316912#4672808661,1,0.68488609790802,1
4232666143#4256926363,1,0.2071409821510315,0
2120472151#2275666316,0,0.0004022750072181225,0
4900256072#4572636295,0,0.000695869792252779,0
1782357780#4091921695,0,0.10380881279706955,0
156276677247#1640340946,0,0.0006188012775965035,0
2070908197#4572374020,0,0.000604376953560859,0
1502384801#4535930871,0,0.3589198887348175,0
1770010645#5067776785,0,0.708467960357666,1
1778563602#1416301524,0,0.003197232959792018,0
1701470611#3836676657,0,0.0013143570395186543,0
22859701254#4641374150,0,0.0006790975457988679,0
3580539229#86283717806,0,0.0014077036175876856,0
1696095096#2065354050,0,0.0007539202342741191,0
5169257472#3026064813,0,0.001275247777812183,0
4323500487#1477293192,0,0.0009098831214942038,0
8431814058#4680204120,0,0.01769949309527874,0
1775497794#4196030610,0,0.004579482134431601,0
3044025040#4034038494,0,0.000357591052306816,0
2067571192#2069139175,0,0.7616109848022461,1
5067776785#4511530729,0,0.508150041103363,1
1398443073#18468188878,0,0.49032294750213623,0
2114716134#2165015487,0,0.4594956636428833,0
2118416856#2068436073,0,0.8607966303825378,1
8431809688#2235828707,0,0.728308916091919,1
3794247232#2114975127,0,0.00038440219941549003,0
150594502346#3628839722,0,0.0006192068685777485,0
4900378668#10530767652,0,0.16152113676071167,0
4454991968#4202096119,0,0.0017038948135450482,0
3359180524#79993360240,0,0.8126857876777649,1
4339070553#4015322905,0,0.0008381758816540241,0
4157381557#2055448044,1,0.8675347566604614,1
3477269989#3896058143,0,0.6393563151359558,1
14613466961#3764759336,0,0.0007250899798236787,0
6015919609#2056478070,1,0.9193636775016785,1
4206269897#4898626808,1,0.812707781791687,1
4157280271#1694379811,0,0.3834403157234192,0
5173394727#1867286717,0,0.0004697364056482911,0
2079572106#2117967935,0,0.3281227648258209,0
2119476678#2111349786,1,0.6537946462631226,1
1712570939#1634282673,0,0.4248635470867157,0
7026230674#14613461654,0,0.0007080265204422176,0
79993360240#2338131041,0,0.0007120953523553908,0
18465851371#2114341514,0,0.9397035837173462,1
4952978442#2169220658,0,0.7155433297157288,1
3525845999#4439737347,0,0.6501086354255676,1
2977755545#1672066227,0,0.005965390242636204,0
3046471496#2078835030,0,0.0018346345750615,0
3026064813#173652977366,0,0.0076451534405350685,0
3642422898#3290843987,0,0.8071823120117188,1
97014870931#100995265790,0,0.08555179834365845,0
4643938191#2297005450,1,0.8070618510246277,1
2268304430#4643938191,0,0.00044601873378269374,0
2058132898#2727127831,0,0.06890979409217834,0
2064727359#421393369392,0,0.1726028323173523,0
4538003565#5031406959,0,0.000504280673339963,0
3299598934#3594649033,0,0.6124221086502075,1
110232280082#4811798618,0,0.5058385729789734,1
50016874555#4673557611,0,0.017495978623628616,0
4479096588#2168053481,0,0.0009237736812792718,0
4755359264#3806980943,0,0.43233874440193176,0
4657354285#1711852573,0,0.0014083069982007146,0
2060257095#1914706723,0,0.4949658513069153,0
2061022206#1811606488,0,0.8062220215797424,1
4840773591#4551054156,0,0.7374348044395447,1
14613464473#156277514294,0,0.002739749616011977,0
3032709817#3299598934,0,0.0011608419008553028,0
124021630369#2111872187,0,0.1970205157995224,0
2064229512#2120472151,1,0.6799538731575012,1
14613469834#4551054156,0,0.42322781682014465,0
4215058789#1533602348,0,0.0003686961135827005,0
4226659634#4232471781,0,0.015509434975683689,0
3446029040#1533602348,0,0.0009417806868441403,0
4755359264#4735503306,0,0.8332943320274353,1
4495044650#50016874555,0,0.14247258007526398,0
4272885125#3648904752,0,0.16213184595108032,0
3968945784#2068436073,0,0.08088183403015137,0
146011937628#2551494872,0,0.19217288494110107,0
4259241183#3050045988,0,0.5152162909507751,1
1741741476#4435913614,0,0.0015453728847205639,0
2074019451#4205538788,0,0.0007186596048995852,0
2078835030#4687116172,0,0.00939983781427145,0
4746512285#2058316912,0,0.0007208328461274505,0
2092610533#4471122121,0,0.0006813197396695614,0
5027483278#41713266437,0,0.8146805763244629,1
1415647813#1718471304,0,0.7536606788635254,1
4435686270#3501285885,0,0.7856944799423218,1
2068602973#4330455313,0,0.18247924745082855,0
4150903563#4718263231,0,0.003650269703939557,0
4411426624#146777938215,0,0.0005138369742780924,0
18468580547#18466210670,0,0.8113843202590942,1
4828654874#2247165276,0,0.0007229014881886542,0
2455800880#4259241183,0,0.0009351047337986529,0
4680204120#2359435242,0,0.002658705459907651,0
3770456617#1419344414,0,0.21371793746948242,0
2066535766#4623570105,0,0.502912163734436,1
4499147142#18466202308,0,0.9652751684188843,1
4489521100#2069985286,0,0.0003406590549275279,0
3934602500#376973981474,0,0.0005276596639305353,0
3551872495#4155510577,0,0.0006303194095380604,0
4444196403#4147080749,0,0.06346368044614792,0
2111350136#4414530598,0,0.0003229317953810096,0
4667944802#4641374150,1,0.8066645860671997,1
3404019592#4147080749,0,0.0008654072880744934,0
2092610519#3809186919,0,0.08861924707889557,0
4620261674#3076859035,0,0.0008657948928885162,0
4471122121#4439737347,0,0.0007251459755934775,0
3056067914#1307874587,0,0.035392217338085175,0
1321409006#5128222238,0,0.010972200892865658,0
4195993580#1453532038,0,0.45397406816482544,0
4623949166#4619195159,0,0.0006707796710543334,0
86283717806#69710193399,1,0.8693520426750183,1
309312102749#3485676898,0,0.0019903602078557014,0
183335907108#2054817755,0,0.0009322193800471723,0
1520168707#18466210670,0,0.00046224103425629437,0
2060257095#2059483876,0,0.5734123587608337,1
4662042966#4641374150,0,0.7585511803627014,1
2068602973#2071751695,0,0.6348385214805603,1
156277208014#156277193948,0,0.7450686097145081,1
4643011415#3055576029,0,0.6546289920806885,1
3934602500#2068436073,1,0.8241863250732422,1
2064955879#2117967935,0,0.3790753185749054,0
303600075141#4991881551,1,0.8638595938682556,1
41713266437#2069139175,0,0.017298465594649315,0
4397595587#4417818851,1,0.8559316992759705,1
60367707728#4417818851,0,0.0005583809106610715,0
2027929598#4579172309,0,0.7058521509170532,1
1637980981#4034038494,0,0.011412570253014565,0
4219781521#4991881534,1,0.7228670716285706,1
1307874587#117154450703,0,0.0014526387676596642,0
4828654874#4867542841,0,0.0006017955020070076,0
3831256267#4943818903,0,0.0008171171648427844,0
1816428069#4195960848,0,0.0015640633646398783,0
2078774568#4330455313,0,0.005219972226768732,0
3949154929#3967431643,0,0.0011913701891899109,0
4549189933#3044025040,1,0.7964318990707397,1
8431814058#2065201243,0,0.8779720067977905,1
2296574953#4687116172,0,0.010683017782866955,0
1374772535#1374772550,0,0.05568305775523186,0
4926426630#4452550298,0,0.4978904128074646,0
4397595587#5214033793,0,0.000942528888117522,0
1778563602#1778563595,0,0.5456804037094116,1
3612961288#4448830722,0,0.7714369297027588,1
2079572106#4623570105,0,0.6644608378410339,1
1541880573#4155510577,0,0.006037810351699591,0
3290843987#3107598853,0,0.8738877773284912,1
4991881534#4991881551,0,0.2993676960468292,0
4700047151#4247271139,0,0.000397216877900064,0
4899954714#4699280965,1,0.8298991322517395,1
156274514359#4385069368,0,0.01681283488869667,0
4247271139#4015322905,0,0.00042237297748215497,0
4285709207#4316999113,0,0.7166418433189392,1
421393369392#564144132292,0,0.0006920158630236983,0
4657354285#435372126625,0,0.00052783073624596,0
4157381557#4913742546,0,0.6387656927108765,1
174006932062#1694379811,0,0.0006985461805015802,0
1639390814#1639832922,0,0.10364988446235657,0
1951195150#4643718292,0,0.0008541216957382858,0
173652977366#156893097471,0,0.8438037037849426,1
4499147142#4828387554,0,0.35049739480018616,0
4206224036#4705583754,0,0.7838730216026306,1
1727736762#4209814745,0,0.001199798658490181,0
49857216438#3712801411,0,0.08412648737430573,0
1639901072#4623570105,0,0.6890243887901306,1
1770010645#4898730640,0,0.6850649118423462,1
4426740219#4385421396,1,0.6764684319496155,1
1457252585#1711687490,0,0.09702420234680176,0
2297005450#4636446230,0,0.1628919541835785,0
3648904906#4755359264,0,0.0021580492611974478,0
2180579787#3954668240,0,0.0025184110272675753,0
2007934907#1633806208,0,0.06058362126350403,0
2054733437#2060257095,0,0.7754844427108765,1
3304467506#4129122420,0,0.2651996612548828,0
2054657143#4900256072,0,0.0102196941152215,0
4643718292#18469192585,0,0.3998761475086212,0
14613461939#2455800880,0,0.752758800983429,1
3920807098#3635733776,0,0.0018455804092809558,0
1688824936#343200247912,0,0.0010066565591841936,0
18468695966#4643898157,0,0.5641849637031555,1
14613460476#138962728028,0,0.0057396050542593,0
4499147142#4718263231,0,0.006566469557583332,0
1671393307#1456843034,1,0.045964982360601425,0
1639832922#3403897392,0,0.050974879413843155,0
3806980943#1712570793,0,0.0029811759013682604,0
3967431644#1565912494,0,0.0018502339953556657,0
4077473357#5181571321,0,0.0009016009280458093,0
97115452949#4321048267,0,0.45680728554725647,0
4941134416#5109193415,1,0.6724135875701904,1
23230310067#5210078086,0,0.5475247502326965,1
2119398744#3236601708,0,0.002141534583643079,0
1537709317#4195960848,0,0.0021553996484726667,0
19705527158#4952978442,1,0.7238065004348755,1
4272885125#1548108669,0,0.0011142120929434896,0
4393085087#2070627808,0,0.0005292834248393774,0
2117948923#4944579314,0,0.000811349309515208,0
156277207697#2452901483,0,0.018462304025888443,0
3651289412#5210078086,0,0.004817322827875614,0
4065721591#1653994308,1,0.8354473114013672,1
1438483240#1398682725,0,0.0008619172149337828,0
4589595738#4628867825,0,0.21285881102085114,0
2183428945#5121642074,0,0.044374700635671616,0
2062770841#4206269897,0,0.1696479469537735,0
4511530729#3108657350,0,0.420794278383255,0
1374772535#2133358535,0,0.020906776189804077,0
4385184631#4944579314,0,0.0006009583594277501,0
2057342439#3798986721,1,0.6179861426353455,1
2078835030#4657354294,0,0.08429054915904999,0
1727736762#4099641396,0,0.0008569149649702013,0
422592070627#4589830735,0,0.0005053050699643791,0
2113093450#1416301524,0,0.018557023257017136,0
3926867260#3831256267,0,0.8732728362083435,1
14613466961#14613464513,0,0.2456740140914917,0
1784900254#4274235353,1,0.628726065158844,1
3594649033#1718471304,0,0.002311259275302291,0
4991881551#4132281843,0,0.22145099937915802,0
2343156405#1637581644,0,0.3687092065811157,0
2055377631#100995265790,0,0.5419283509254456,1
2135316663#2159739481,0,0.0006165921222418547,0
2180579787#2181531828,0,0.4432377219200134,0
5095503840#4959321228,0,0.3481992781162262,0
2455842713#3791139342,0,0.0005796216428279877,0
2336490445#2059124992,1,0.4922138750553131,0
1654102057#4551054156,0,0.0006622917717322707,0
2254264382#2016866277,0,0.0025361026637256145,0
4339070553#14613435427,0,0.0004727786872535944,0
11087571368#87720200914,1,0.7405204176902771,1
3517506225#97115452949,0,0.0012053720420226455,0
2455800880#2060185518,0,0.0009248423157259822,0
2057051388#4972894677,0,0.0021134677808731794,0
4705583754#1816428069,0,0.018371086567640305,0
201663692217#1650171814,0,0.00324012478813529,0
4746512285#2254264382,0,0.5969676971435547,1
3727491058#2061022206,0,0.8240317106246948,1
1817644740#3411721643,0,0.4747312664985657,0
3446029032#3446029040,0,0.31763118505477905,0
3772512066#4620685919,0,0.03978084772825241,0
5037293131#2056662276,0,0.5015648603439331,1
34888001864#2027890207,0,0.0005573414382524788,0
4898730640#1994805938,0,0.0019449495011940598,0
4991881551#4161797606,0,0.22466668486595154,0
2027890207#4327866563,0,0.0005778251215815544,0
4763332016#4542039020,0,0.740680992603302,1
1782357780#4450888165,0,0.33384013175964355,0
2074019451#2063839578,1,0.43173903226852417,0
3044025040#14613456118,0,0.000674970040563494,0
38448881724#22859701254,0,0.012572736479341984,0
309670736915#14613456118,1,0.6366124749183655,1
5169257472#5169257623,0,0.8196667432785034,1
2069139175#5109193415,0,0.01377756055444479,0
3438816692#3644272514,0,0.004261956550180912,0
4065795443#2092610536,0,0.030970554798841476,0
178258449477#1770010645,0,0.8833050727844238,1
5109193415#2067571192,0,0.01095601636916399,0
3628839716#3474685536,1,0.7353394031524658,1
2060185514#1592254485,0,0.4922904670238495,0
2183968048#2026258519,1,0.8267225027084351,1
1312695289#1816428069,0,0.0012479774886742234,0
1671393307#75959618233,0,0.0007125875563360751,0
3896015808#1684789889,1,0.8300727605819702,1
2111350136#4511530729,0,0.002707340056076646,0
4549189933#3926867260,0,0.7432476282119751,1
4479070818#1770010645,0,0.0012748257722705603,0
1537709317#1453527936,0,0.0009619440534152091,0
4898730640#4335156801,0,0.0053197238594293594,0
3470148182#4155510577,0,0.0013228988973423839,0
212394033260#167570408533,0,0.5033055543899536,1
1639219119#4643943359,0,0.9337210655212402,1
4465664542#2298730254,0,0.004549267701804638,0
2060185518#2154491220,0,0.00784438755363226,0
4623949166#4687116172,0,0.15063294768333435,0
3485676898#1778563595,0,0.5177523493766785,1
3555205657#1438441444,0,0.01063904631882906,0
4327866563#4534359957,0,0.002116067800670862,0
5210078086#4746512285,0,0.5262438654899597,1
4820163687#4323500487,0,0.8459368348121643,1
19705527158#2169220658,0,0.38688161969184875,0
3403897392#2063839578,0,0.0019971365109086037,0
146778888902#219547393842,1,0.8239870667457581,1
4589595738#3637042235,0,0.00040384038584306836,0
2074019451#2135054445,0,0.0006372443749569356,0
3967431644#2057342439,0,0.0018436735263094306,0
1696095096#1653994308,0,0.3590194582939148,0
4161797606#1728174555,1,0.890511155128479,1
2067377960#1701333915,0,0.9551483988761902,1
2054657143#2452901483,0,0.2682759761810303,0
146778888902#4457149562,0,0.003338418435305357,0
2118416856#2359348328,0,0.0007428213721141219,0
4572374020#2056078364,0,0.0013530271826311946,0
1711852573#4495500756,0,0.057775333523750305,0
70183897754#1741741476,0,0.004783101379871368,0
2114975127#5197586202,0,0.7157586812973022,1
2064414260#2003336437,1,0.6841375231742859,1
3626237468#4495044650,0,0.034107085317373276,0
4589595738#3809186919,0,0.00043191201984882355,0
4210986952#1477293192,0,0.08005481958389282,0
2120851333#2064414260,0,0.770792543888092,1
2078774568#2059483876,0,0.0005919613759033382,0
2235828707#1415647813,0,0.19485823810100555,0
4272887201#5174571094,0,0.0014437626814469695,0
3474685536#3551393130,0,0.18939732015132904,0
1438441444#3290843987,0,0.8427464365959167,1
435372126625#1639832922,0,0.0003545649233274162,0
4926426630#4465664542,1,0.8017697334289551,1
3290843987#4206812485,0,0.8953027725219727,1
4004772536#2120472151,0,0.0003494000993669033,0
156893097471#5167083430,0,0.0005333289736881852,0
2114049002#2113760999,0,0.02307196334004402,0
4840773591#4595088087,0,0.8325501680374146,1
4321048267#3043492443,0,0.0016504626255482435,0
4439426144#8431809688,0,0.0005099180852994323,0
3501281334#4065797638,0,0.8009771704673767,1
3920807098#4205538788,0,0.0003451582742854953,0
2183428945#2183963548,0,0.38877248764038086,0
3882201915#4536041187,0,0.2651001811027527,0
4781194041#4417849752,0,0.10866803675889969,0
4489521100#4523728345,0,0.0005334126180969179,0
4720389596#4202096119,0,0.000338459707563743,0
4232666143#4226659635,0,0.018085934221744537,0
2074019451#3903241588,0,0.0009231815347447991,0
4479095804#2112576214,0,0.7406826019287109,1
3289002540#4065797638,0,0.9680992364883423,1
207035576772#4195993580,0,0.000497682427521795,0
1570945860#2057811649,1,0.7346338629722595,1
156277207697#4323500485,0,0.0005859857774339616,0
3259289288#4495500756,0,0.00196073274128139,0
3446029040#3446029041,0,0.372443288564682,0
4549189933#3403917033,0,0.0006569463876076043,0
1639699607#1639901072,0,0.7126075625419617,1
4642854804#4628867825,1,0.2973277270793915,0
2007329552#5123189265,0,0.0014195976546034217,0
4479095804#1316556785,0,0.0004130630404688418,0
1537709304#422592070627,0,0.001454041339457035,0
4657354285#4256622048,0,0.5886519551277161,1
4470296934#2111818909,0,0.0016132118180394173,0
4820163687#4589929428,0,0.6832410097122192,1
3903241588#3949154897,1,0.6609025001525879,1
4057032761#4451124306,0,0.5020744204521179,1
2003336437#1427286361,0,0.2169427126646042,0
4385184631#2336490445,0,0.1734299659729004,0
4209814745#3929215225,0,0.0007763525354675949,0
4442900590#3446029040,1,0.9024110436439514,1
4680203965#1438483240,0,0.7679277062416077,1
4471122121#2060185514,0,0.014203952625393867,0
4943160331#3076859035,0,0.00773956160992384,0
1634282673#1778563595,0,0.17699022591114044,0
5169253299#5181571321,0,0.0003040069423150271,0
4479096850#3712801411,0,0.0005002826801501215,0
156274514359#14613469834,0,0.1262124627828598,0
303600075141#18468580547,0,0.001270087668672204,0
1728174549#303600075141,0,0.05836165323853493,0
2092610533#2092610519,0,0.661586344242096,1
487126887411#4157551094,0,0.012837979011237621,0
4129122420#3642422898,0,0.3758878707885742,0
1813034413#4628467232,0,0.0037634160835295916,0
146011937628#146011948003,0,0.8553369641304016,1
4435528162#2135054445,0,0.000641306338366121,0
18467669365#1920503864,0,0.002230389043688774,0
4623947495#309312101477,0,0.864865779876709,1
4065797638#1903466347,0,0.0045934319496154785,0
4489521100#1694379811,0,0.0020759631879627705,0
1694379812#2016866277,0,0.023825746029615402,0
3446029041#3644272514,0,0.9528733491897583,1
2199135578#4179651570,0,0.4634990692138672,0
1962074579#2066624968,0,0.004753058776259422,0
2116342008#2061673563,0,0.6728770136833191,1
14613465315#14613466961,0,0.26896846294403076,0
4572380856#111568230982,0,0.7900633215904236,1
5031406959#2058316912,0,0.00037285746657289565,0
3485676898#1816427364,0,0.7412919998168945,1
4972894326#2455842713,0,0.7748081684112549,1
5154681248#3495408683,0,0.0004890502314083278,0
4099641396#4718263231,1,0.7588157057762146,1
3439202323#91686025987,0,0.0010615683859214187,0
1457252585#1312695289,0,0.0005272866110317409,0
3903241588#2064229512,0,0.0004090220027137548,0
1770010645#4604457043,0,0.561426043510437,1
3637042235#1951195150,0,0.6165356040000916,1
2169220658#5031406959,0,0.8616455793380737,1
156893097471#4811798618,0,0.8612668514251709,1
4673557611#6871473475,0,0.040728624910116196,0
3988152389#4456625974,0,0.7856113314628601,1
14613460476#14613464473,0,0.2001381665468216,0
1816430010#1453532038,0,0.09044694900512695,0
1639390814#2062766801,0,0.016438975930213928,0
4536450435#4155408706,0,0.4016754627227783,0
4206242446#4705583754,0,0.7262816429138184,1
4196598949#4354044382,0,0.0008860044763423502,0
1782357780#4140165052,0,0.019742069765925407,0
4657354294#3287805133,0,0.33989620208740234,0
2064955879#1751364886,0,0.005140208639204502,0
2054817755#2298730254,1,0.7545556426048279,1
38448881724#38202857246,1,0.798592746257782,1
3551393318#3474685537,0,0.2655099034309387,0
2066246683#4589820532,0,0.015469782054424286,0
4304261357#4495044650,0,0.0014936100924387574,0
1419344414#1502384801,0,0.0007860497571527958,0
4132281843#336556403061,1,0.4224114418029785,0
2078774568#18468687381,0,0.4089053273200989,0
1727736762#18467669365,0,0.000973983493167907,0
1810185303#4972894677,0,0.0006863768212497234,0
4451089335#4750249486,0,0.8379014134407043,1
2057685237#5215138753,0,0.16147959232330322,0
1497939109#3642422898,0,0.0014429957373067737,0
1751364886#145960681701,0,0.0011567665496841073,0
3551393318#2070627808,0,0.0005301592173054814,0
2092938385#4384403228,0,0.028690269216895103,0
4746512285#5174571094,0,0.7961586713790894,1
5041670056#2296451977,0,0.00039624510100111365,0
4742698844#11087571368,0,0.8161405324935913,1
1875282048#4015322905,0,0.004302820656448603,0
3403917033#3054434630,0,0.9007911086082458,1
4843831604#4797396841,0,0.4552844166755676,0
3359180052#4726704241,0,0.8782929182052612,1
4589673799#4593095274,0,0.6003689169883728,1
87720200914#53263275323,0,0.7727537155151367,1
4289086328#4542321633,0,0.8864580392837524,1
4200562083#4099641396,0,0.0005305411177687347,0
1634282673#2069139175,0,0.0018441606080159545,0
4426740219#1541880573,0,0.19127799570560455,0
4523728345#1816428069,0,0.0046923509798944,0
2003336437#4215027256,0,0.00048685091314837337,0
3446029032#4442900590,0,0.875411868095398,1
1953270965#3712801411,0,0.00890498049557209,0
4457149562#1594535012,0,0.020383911207318306,0
2176735919#3050152494,0,0.5239429473876953,1
14613461654#2455842713,0,0.767956018447876,1
2062075980#2062075977,0,0.387494295835495,0
4416668620#4223043910,0,0.7385027408599854,1
1316058339#4643011415,0,0.0006033924291841686,0
18469192585#2003336437,0,0.0007412084378302097,0
4321048267#1565912494,0,0.0009766932344064116,0
4316999082#4285709207,0,0.73953777551651,1
1319944364#4353960088,0,0.000405980710638687,0
2054781193#3043492443,0,0.0004329720395617187,0
1537709311#2061448087,0,0.7018536329269409,1
18465851371#4635981164,0,0.007611414417624474,0
4451089335#3999176481,0,0.8665118217468262,1
1565913509#3046729281,0,0.11107026040554047,0
5169253299#3603201749,0,0.0006403404986485839,0
2452901483#406088738482,0,0.0004715796676464379,0
2604119334#1656969942,0,0.0019081224454566836,0
4499147142#4204386191,0,0.035935573279857635,0
4483987744#1727736762,0,0.012372207827866077,0
50016874555#2026258516,0,0.01474001444876194,0
3880409698#5154681248,0,0.0005982458242215216,0
4323500487#3517506225,0,0.0009854095987975597,0
1639219119#1696438060,0,0.0004408503300510347,0
4620261674#4444196403,0,0.0007857019081711769,0
102514982310#4811798618,0,0.436983585357666,0
4659194738#4572374020,0,0.0031200291123241186,0
4542386587#4538332005,1,0.8650954961776733,1
38406123057#29608029868,0,0.7148922085762024,1
3988152389#4828654874,0,0.05471397936344147,0
2060355842#5154681248,0,0.0009698989451862872,0
4247271139#5059261580,0,0.8141563534736633,1
4231111906#4581502608,0,0.0005813644966110587,0
3401731422#1565912494,0,0.0013699699193239212,0
4867542841#3881831374,0,0.0007426362717524171,0
2120155505#3446029041,0,0.0016051005804911256,0
4943818903#38202857246,0,0.20375217497348785,0
2064414260#1311812490,0,0.812480628490448,1
1520168707#2112794415,0,0.000771645805798471,0
2314360284#3124123344,0,0.0018921700539067388,0
4499147142#3032709817,0,0.7626461386680603,1
1905948078#2061309144,0,0.6679384112358093,1
1778563602#4346970606,0,0.33426433801651,0
4247271139#4913742546,0,0.659231424331665,1
5169257472#18465721026,0,0.790120542049408,1
4209814745#2338131041,0,0.7231272459030151,1
4735432768#4584646241,0,0.0006526121869683266,0
307718000196#2092610533,0,0.00045758369378745556,0
2062766088#2113760999,1,0.664944052696228,1
3050152494#4348295931,0,0.17265090346336365,0
2111041560#2133358535,0,0.46268394589424133,0
5090005101#4620261674,0,0.0013356341514736414,0
4656986610#4589678847,0,0.20463129878044128,0
4024663252#3474685536,0,0.008344071917235851,0
47752312088#38202856033,1,0.9047998785972595,1
1382214880#2016866277,0,0.8640639781951904,1
121528725386#3594649033,0,0.00041087614954449236,0
3474372520#4620261674,0,0.011966565623879433,0
3882026745#2058148983,0,0.000999188399873674,0
2026258516#3451234547,0,0.0011966850142925978,0
5027483278#54161674630,1,0.554783284664154,1
87820905399#183335907108,0,0.002173767192289233,0
1765891797#4623949169,0,0.002825349336490035,0
14613588147#2062770841,0,0.0014505514409393072,0
2066624973#2066624968,0,0.7617883682250977,1
4452060617#3612961288,0,0.8311402797698975,1
2075914534#1712080073,0,0.022362064570188522,0
4321048267#207035576772,0,0.004385797772556543,0
23230310067#2359474749,0,0.00039355384069494903,0
4730645460#1639219119,0,0.0051725455559790134,0
1727736762#1778563597,0,0.2900848388671875,0
3999176481#343200247912,0,0.0006142895435914397,0
2066624973#2159452221,0,0.8077682852745056,1
1634282673#1712573177,1,0.5863733291625977,1
1741741476#2057811649,0,0.6356493234634399,1
4071233134#3913410158,0,0.0020556931849569082,0
2059124992#4523728345,0,0.0003268265863880515,0
4223043910#4877427884,0,0.0005016402574256063,0
41713266437#4712246454,0,0.0004430481931194663,0
3299599421#3124123344,0,0.8768994808197021,1
309312102749#4623934568,0,0.8545722961425781,1
4391918874#1875282048,0,0.5839711427688599,1
3446029032#3446029041,0,0.37936288118362427,0
5182742886#4176217131,0,0.2593894600868225,0
2057986140#107725296889,0,0.0005189582007005811,0
4998365450#2111818909,0,0.7672742605209351,1
4633378534#4323500485,0,0.35880544781684875,0
1712573177#3806980943,0,0.001575265428982675,0
14613461654#4730645460,0,0.00036604880006052554,0
4065795443#4065797638,0,0.20782548189163208,0
4581502608#4149299298,1,0.7102490663528442,1
2065201243#18467925256,1,0.950245201587677,1
2111351705#2119476678,0,0.6093303561210632,1
2016866277#2056078364,0,0.8303121328353882,1
4910561821#4913742546,0,0.6401440501213074,1
3903241588#3513178266,0,0.0005028491141274571,0
1633806208#97014870931,0,0.5781636834144592,1
4991881551#4451342506,0,0.0008248313679359853,0
3629624977#3913410158,0,0.8336755037307739,1
3913410158#4180609537,0,0.0012670670403167605,0
2727127831#111568230982,0,0.40018850564956665,0
18468690620#5167083430,0,0.8608198761940002,1
4589673799#1312695289,0,0.11673197150230408,0
8431814058#2235828707,0,0.6845165491104126,1
87820911338#3490539439,1,0.7939602732658386,1
4715847880#3691000538,0,0.36438849568367004,0
3445564730#4680095395,0,0.0014893322950229049,0
4226659635#4256622048,1,0.7844128012657166,1
4157551094#4179651570,0,0.14805109798908234,0
2060257095#2061309144,1,0.7028634548187256,1
2063588766#5059261580,0,0.937763512134552,1
10530767652#2339749085,0,0.0006077659199945629,0
4735432768#3913410158,0,0.8482218384742737,1
45531943201#4959321228,1,0.7397109270095825,1
2070791273#156274514359,0,0.0006416921387426555,0
2064955879#4147080749,0,0.0014000114751979709,0
1718471304#3551872495,0,0.0011813724413514137,0
46983614517#55721888445,0,0.0008188858046196401,0
3404019592#2054781193,1,0.7487840056419373,1
3809186919#2066246683,0,0.8761136531829834,1
1319944364#1321409006,0,0.8279304504394531,1
4538419241#4538003565,1,0.7743041515350342,1
1953270965#2119476678,0,0.698117196559906,1
2150036453#3411721643,1,0.35126420855522156,0
2296493468#4155408706,0,0.002627330832183361,0
5018023921#45531943201,0,0.7035390138626099,1
107725290582#4261185678,0,0.8270677328109741,1
2064955879#3299599421,0,0.003623459953814745,0
4636446230#2066624973,0,0.001232918701134622,0
3913410158#4206224036,0,0.6337729692459106,1
4470296934#3809186919,0,0.0011683038901537657,0
2254264382#1500022510,0,0.001267715240828693,0
1701333915#1398443073,0,0.8439329266548157,1
343200247912#435372126625,1,0.0023077628575265408,0
3903241588#4155510577,0,0.00159691390581429,0
47752312088#3806980943,0,0.7522730827331543,1
1319944364#3896058143,0,0.0016737872501835227,0
1592254485#1528865186,1,0.5681785345077515,1
4304261357#5090005101,0,0.6760489344596863,1
1778563595#1712570793,0,0.8379893898963928,1
2078774568#18468188878,0,0.5453577041625977,1
4285491833#4259429802,0,0.28974708914756775,0
3791139342#4223004786,1,0.7548568844795227,1
1709057480#4808134153,0,0.3880397081375122,0
336556403061#4538419241,0,0.0006189773557707667,0
3691000538#2003710867,0,0.3562944531440735,0
3896015808#3691000538,0,0.37248852849006653,0
1416528046#1415554755,0,0.11585760861635208,0
3770456617#4354044382,0,0.14703918993473053,0
5104418469#5018368651,0,0.009845305234193802,0
3628839722#4680203965,0,0.005975640844553709,0
156277193948#4439426144,0,0.0013639306416735053,0
1639699607#4623570105,0,0.8023819327354431,1
3404019551#364679238122,0,0.0015244960086420178,0
156276677247#14613460476,0,0.10817772895097733,0
3401731422#4426740219,0,0.0012224959209561348,0
4435528162#2055377631,0,0.0006718666409142315,0
4581502608#1316556785,0,0.004664414096623659,0
2183428945#1867286717,0,0.001123682246543467,0
3400442486#3926867260,0,0.0008117204997688532,0
3401731422#5109193415,0,0.0012581527698785067,0
4196521320#4435686270,0,0.7650969624519348,1
3550931655#1634282673,0,0.005860552191734314,0
3061887519#49857216438,0,0.0003345033328514546,0
2057051387#3903296442,0,0.0012907148338854313,0
7161173338#4542039020,0,0.05823700502514839,0
2175801910#1816430010,0,0.0014335764572024345,0
4202041822#2150036453,0,0.0007530370494350791,0
4680203965#1570945860,1,0.7691044211387634,1
5165108496#2053826326,0,0.6008550524711609,1
3881831374#3054434630,0,0.000875811034347862,0
2281691154#4145588659,0,0.8236645460128784,1
1816428069#110232280082,0,0.003988891374319792,0
303600075141#4200577198,0,0.09468730539083481,0
5185236541#5169253299,0,0.8083903789520264,1
4176217131#3849817492,0,0.0190715529024601,0
4620685919#38202856033,0,0.5124965906143188,1
3612961288#276611684552,0,0.0003987920645158738,0
2058148983#4226659635,0,0.0004895896418020129,0
2026069710#4202096119,0,0.0011058931704610586,0
1994805938#2235828707,0,0.0013952750014141202,0
4204386191#4828387554,0,0.020141808316111565,0
2199135578#2281691154,0,0.7483777403831482,1
1430988070#1640340946,0,0.00033365137642249465,0
4391919171#86283717806,0,0.0029387092217803,0
4716933437#4628482537,1,0.8096482753753662,1
2064955879#2066535766,0,0.7977012991905212,1
3487828521#2114049002,0,0.4048466086387634,0
4206269897#4339070553,0,0.0006249469006434083,0
4215058789#2026069710,0,0.0007533406023867428,0
4218561827#4339070553,0,0.06693337112665176,0
125323389433#201663692217,0,0.7806934118270874,1
5215138753#1653994308,0,0.0007047528051771224,0
2118416856#5018389488,0,0.000472178595373407,0
1775497794#1672066227,1,0.6251816749572754,1
4451289887#4071233134,0,0.9159196615219116,1
3967431643#3967431644,0,0.4211549758911133,0
2075416140#14613469834,0,0.33147993683815,0
3848611844#2113760999,0,0.3770817220211029,0
1878732185#1905948078,0,0.73674476146698,1
2113288221#2111349786,0,0.5329083204269409,1
1921223120#1765891797,0,0.0005110768834128976,0
5123189260#7026230674,0,0.8000330924987793,1
1574873794#4653616782,0,0.0007423008792102337,0
4354044382#2027838359,0,0.5958845615386963,1
4470296934#1920503864,0,0.19971682131290436,0
14613464513#14613465315,0,0.2130783498287201,0
2063839578#4570764341,0,0.0006306123686954379,0
4479424072#3642422898,1,0.5126737952232361,1
4004772536#1477293192,0,0.24093066155910492,0
5123189265#4755359264,0,0.009450326673686504,0
2111351705#4643938191,0,0.0011974016670137644,0
4197138413#2122362220,0,0.12306872010231018,0
4426740219#4673557611,0,0.0035908224526792765,0
4065797638#4147080749,0,0.006383879575878382,0
2055886100#3259289288,0,0.0010643941350281239,0
2118416856#2359435242,0,0.2773802578449249,0
2150036453#3474685537,0,0.0005829122383147478,0
1321409006#19705527158,0,0.0029127043671905994,0
3896058143#3764759336,0,0.6450290679931641,1
1694379811#4289086328,0,0.0011065059807151556,0
1520168707#4656986610,0,0.1560765504837036,0
5007075941#4959321228,0,0.8226528167724609,1
1477156406#2124411604,0,0.00100363336969167,0
18469192585#4636381625,0,0.0018551155226305127,0
1633806208#4321048267,0,0.4818030893802643,0
2119398744#2113288221,0,0.6048729419708252,1
2058278464#4408616491,0,0.0005749269621446729,0
1840606003#3227376447,0,0.8846065402030945,1
1557919756#4549189933,0,0.0003005263861268759,0
3882026745#5090085713,0,0.012572144158184528,0
4570764341#3214249597,0,0.6904062032699585,1
3644272514#4071233134,0,0.7169569134712219,1
3227376447#2059400154,0,0.0023035728372633457,0
3628839722#5123189265,0,0.03655506297945976,0
1639390814#4825375981,0,0.001121222972869873,0
2111872187#4699510653,0,0.0006901322049088776,0
5014897285#5104418469,0,0.0012548962840810418,0
4897048724#5208946130,0,0.0014502378180623055,0
2056128836#4140165052,0,0.5403350591659546,1
2297005450#4202096119,0,0.009369122795760632,0
2111350136#4893633475,0,0.005928502883762121,0
5059261580#4910561821,1,0.915094256401062,1
4735432768#3629624977,0,0.8465185165405273,1
3648904752#4272887201,0,0.8218473792076111,1
14613465315#2455842713,0,0.8116620182991028,1
91686025987#4933360994,0,0.014386925846338272,0
4435528162#4435913614,0,0.1299041360616684,0
3967431644#4687116172,0,0.5115509629249573,1
4735432768#3580539229,0,0.7410322427749634,1
2329543699#4593095274,0,0.5067712068557739,1
207035576772#1665894324,0,0.000392183632357046,0
2058222393#4195960848,0,0.008477159775793552,0
4215058789#4323500487,0,0.0024249327834695578,0
4716933437#2452901483,0,0.9430336952209473,1
5123189265#5123189260,0,0.5398420095443726,1
4843831604#1635692869,0,0.41815510392189026,0
3487828521#2007847537,0,0.03924143314361572,0
3669306485#5060996735,1,0.874761700630188,1
2065201243#1374772535,0,0.005654286127537489,0
1398443073#202363939789,0,0.13468123972415924,0
2159739481#4201830454,0,0.0019538046326488256,0
3513178266#3551393130,1,0.6224237680435181,1
2066246683#1438441444,0,0.0019671388436108828,0
3403897392#2329543699,0,0.0005906833685003221,0
4641374150#4933360994,0,0.0046556913293898106,0
3054434630#309670736915,0,0.019840188324451447,0
2075914534#4811798618,0,0.0009437042172066867,0
10530767652#14613460476,0,0.0003256574273109436,0
4215058789#4323500485,0,0.0026526821311563253,0
1656969942#2054817755,0,0.0004268614575266838,0
3831256267#1813034413,0,0.00029675557743757963,0
4653616782#50602309472,0,0.5123314261436462,1
2027838359#1415554755,1,0.09733583778142929,0
183335907108#4825375981,0,0.0014713716227561235,0
1565912494#2060253226,0,0.05813215672969818,0
4219781521#1701470611,0,0.00572472857311368,0
4330455313#1665894324,0,0.001486683264374733,0
1712570939#3806980943,0,0.0013517644256353378,0
4673557611#4943818903,0,0.35325750708580017,0
4272137501#2054733437,0,0.0004285898758098483,0
102514982310#197910587768,0,0.7215454578399658,1
4451124306#4451124293,0,0.8379240036010742,1
4699510653#4451342506,1,0.30638691782951355,0
2067179166#4672808661,0,0.0005704546347260475,0
4715847880#3896015808,0,0.7122026085853577,1
3050152494#2111041560,1,0.7325679659843445,1
4435913614#3836676657,0,0.046805575489997864,0
3107598853#4196598949,0,0.7619577646255493,1
1878732185#2059483876,0,0.602626621723175,1
1775497794#2067179166,0,0.0016557155176997185,0
3026064813#117277915830,0,0.05775376781821251,0
4003298247#4495500756,0,0.0029442792292684317,0
2059400154#3848611844,0,0.12359520047903061,0
4998365450#4223043910,0,0.0006398152327165008,0
4057032761#4215038721,0,0.6999985575675964,1
4289086328#3836676657,0,0.6532344222068787,1
2359348328#146778888902,0,0.001286124694161117,0
1775497794#2026258520,0,0.0033194778952747583,0
2057051387#4972894677,0,0.0018108745571225882,0
4034038494#1816430010,0,0.06880027055740356,0
1520168707#125323389433,0,0.0008032722398638725,0
2071751695#54158093151,0,0.01005481742322445,0
2118416856#1453527936,0,0.07690095156431198,0
3269719212#29608029868,0,0.016407502815127373,0
3626237468#4943818903,0,0.10026845335960388,0
5095503840#41713266437,1,0.9317353367805481,1
4155408706#3042764047,0,0.7890924215316772,1
1537709317#1537709304,0,0.7075611352920532,1
4623934568#5060996735,0,0.0011004997650161386,0
4595088087#2604119334,0,0.007099005859345198,0
4202041822#4893633475,0,0.033973146229982376,0
49857216438#212771874474,0,0.010007975623011589,0
3770456617#1696208496,0,0.15635716915130615,0
2111041560#2176735919,0,0.6076660752296448,1
1637980981#1816430010,0,0.004040619358420372,0
2070627808#4643718292,0,0.5340326428413391,1
4304261357#4218561827,0,0.46987420320510864,0
4201830454#2007329552,0,0.0017588782357051969,0
47752312088#38202857246,0,0.8549707531929016,1
4247271139#2063588766,0,0.6575524210929871,1
5169557343#5210078086,0,0.5047796368598938,1
1882929309#2092610519,1,0.7323369979858398,1
5087832312#4223004786,0,0.0003783685388043523,0
4065797638#1639832922,0,0.004040047526359558,0
5018368651#7026230674,1,0.17791230976581573,0
4435913614#4898626808,0,0.0015025022439658642,0
2057145715#2060185518,1,0.38962459564208984,0
3967431643#1740857110,0,0.0008102630381472409,0
3551393130#3474685537,0,0.26035431027412415,0
2135316663#4653616782,0,0.00048819652874954045,0
2068623358#1592254485,0,0.0009886128827929497,0
378133536273#69710193399,0,0.7450149059295654,1
4658620132#2027929598,0,0.025037355720996857,0
4572380856#4204386191,0,0.001044979551807046,0
4205538788#2075240892,1,0.834115207195282,1
4841409785#4417849752,0,0.07640053331851959,0
4898626808#2727127831,0,0.036269865930080414,0
117154450703#109165560395,0,0.8401718735694885,1
4099641396#5018023921,0,0.0004758202994707972,0
4471122121#60367707728,0,0.6665647625923157,1
1472057117#4161797606,0,0.24321946501731873,0
69710193399#4635981164,0,0.004341194871813059,0
2003710867#1646206864,0,0.0012575028231367469,0
3108657350#2359435242,0,0.0007559849764220417,0
3849817492#110232280082,0,0.001165452296845615,0
4551054156#156274514359,0,0.05620092898607254,0
2113093450#4643943359,0,0.9114444851875305,1
38406123057#1882929309,0,0.0021694665774703026,0
1438441444#3435281641,0,0.37615007162094116,0
2062782802#2057986140,0,0.0009066511993296444,0
1914403252#4572636295,0,0.001345591270364821,0
276611684552#4619195159,0,0.0003928598016500473,0
156277514294#4226659635,0,0.0019367648055776954,0
2059124992#1818739935,0,0.027360286563634872,0
4589678847#1520168707,0,0.5710381269454956,1
4642512906#4748650954,0,0.0005407404387369752,0
1639832922#1437868238,0,0.7346203327178955,1
87820911338#18468687381,0,0.002737457398325205,0
3359180524#3359180052,0,0.7854003310203552,1
4825375981#5165108496,0,0.000421298696892336,0
1920503864#1951195150,0,0.0016032685525715351,0
4781194041#2057342439,0,0.00036448336322791874,0
4201830454#1416528046,0,0.0008411613525822759,0
4620685919#38202857246,0,0.4696112275123596,0
4354044382#1415554755,0,0.34583333134651184,0
4761512241#4763332016,0,0.753753125667572,1
4973150488#2455842713,0,0.6977611184120178,1
4214739605#4643938191,0,0.0018209144473075867,0
4514269980#3628533316,0,0.0005544775049202144,0
4384403228#4165585148,0,0.01125324796885252,0
3474685536#3474685537,0,0.4927375316619873,0
4071233134#3683502845,0,0.26374879479408264,0
4535930871#4687116172,0,0.7544209361076355,1
3052180518#4499147142,0,0.00044825876830145717,0
2062782802#3044025040,0,0.027512453496456146,0
1313607746#1921223120,0,0.0006371019990183413,0
4155510577#156893097471,0,0.015848789364099503,0
5095503840#5208946130,0,0.000602821062784642,0
3361906432#2150036453,0,0.0013813686091452837,0
4933360994#4657354294,0,0.006251269020140171,0
3214249597#4155510577,0,0.0006292411708272994,0
580549064505#376973981474,0,0.047332629561424255,0
5123189260#5018368651,0,0.25556105375289917,0
157726428514#4644140313,0,0.0009823453146964312,0
4417818851#1867262556,0,0.4851645827293396,0
4643943359#6015919609,0,0.29898181557655334,0
3075628047#14613588147,0,0.0007810188108123839,0
111110399548#167570408533,0,0.5443540811538696,1
4720389596#100995265790,0,0.00048301173956133425,0
4205538788#4195993580,0,0.0004963890532962978,0
1780678934#4426740219,0,0.07971087098121643,0
4442900590#3114734058,0,0.012052939273416996,0
5014897285#212771874474,0,0.018572581931948662,0
3487828521#1347237190,0,0.002703967737033963,0
1712573177#1778563597,0,0.9029062986373901,1
1311812490#3485676898,0,0.0009894067188724875,0
4699510653#2064955879,0,0.0011854757321998477,0
4348295931#4285709211,0,0.4560949504375458,0
1710094724#1570945860,0,0.6073054671287537,1
18465816919#18466210670,0,0.7917603850364685,1
4196030610#91686025987,0,0.0006626488175243139,0
183335907108#4327866563,1,0.757987916469574,1
4354044382#4570764341,0,0.00037627239362336695,0
4755359264#4620685919,0,0.6068039536476135,1
3926916973#2062766088,0,0.2071104794740677,0
1382214880#3439202323,0,0.00437350757420063,0
2092938385#5215138753,0,0.06470359861850739,0
4572380856#4746144353,0,0.08932318538427353,0
1656969942#5121642074,0,0.000842821435071528,0
4680204120#54161674630,0,0.009183838963508606,0
5027483278#4015422065,0,0.32780149579048157,0
1712570939#75959618233,0,0.0016212643822655082,0
2027929598#4027742647,0,0.295866996049881,0
1520168707#14613456118,0,0.00044310398516245186,0
1416301524#3525845999,0,0.0015355838695541024,0
1565912494#3046729281,0,0.024729985743761063,0
4327866563#4900378668,0,0.002036117948591709,0
3968945784#4623949166,1,0.015675151720643044,0
4261185678#1671393307,0,0.0007428759126923978,0
2075240892#3477269989,0,0.0005178489373065531,0
167570408533#189546061243,0,0.6823128461837769,1
1752749942#4157381557,0,0.7388600707054138,1
3076859035#187508564338,0,0.0006562508642673492,0
4354044382#2175801910,0,0.10816944390535355,0
4317041484#2064730522,0,0.826581597328186,1
1477293192#2027838359,0,0.0011851912131533027,0
4579172309#4454991968,1,0.8986705541610718,1
4065721591#4613276653,0,0.6772684454917908,1
4435528162#4226659635,0,0.0016578882932662964,0
3446029032#2124411604,0,0.0025301254354417324,0
4926426630#3056067914,0,0.08442611992359161,0
4581502608#1457252585,0,0.0003375497180968523,0
4339070553#4015422065,0,0.0013845189241692424,0
2359348328#146777938215,0,0.851771354675293,1
4034038494#4219781521,0,0.0020536587107926607,0
106964376935#2298730254,0,0.0015548045048490167,0
3644272514#4165151066,0,0.0005380479269661009,0
1752749942#4726704241,0,0.00041868328116834164,0
4226659634#4259241183,0,0.001285190344788134,0
4549189933#3054434630,0,0.0005400947411544621,0
3648904906#4195993580,0,0.004317767918109894,0
121528725386#2062770841,0,0.0015277198981493711,0
1541880573#2150036453,0,0.0008205597405321896,0
3988152389#2119476678,0,0.0067774406634271145,0
4206267336#4260680249,0,0.0034608503337949514,0
4941134416#4604457043,0,0.002698657102882862,0
124021630369#3046471496,0,0.09923025220632553,0
1903466347#207035576772,0,0.001729633309878409,0
1818739935#18466202308,0,0.0008950679330155253,0
2061673563#1430988070,0,0.06140003353357315,0
307718000196#14613464473,0,0.0009389127953909338,0
4196521320#4613276653,0,0.816237211227417,1
1688824936#2069774757,0,0.0006892856326885521,0
1427286361#1688824936,0,0.4839461147785187,0
4202041822#3626237468,0,0.0015768199227750301,0
4642512906#5163452200,0,0.08529148995876312,0
5090085713#4523728345,0,0.46791282296180725,0
18467925256#2183963548,0,0.00990449171513319,0
3043492443#4993036319,0,0.000699104624800384,0
4145588659#1994805938,0,0.6244363784790039,1
14613460476#4748650954,0,0.001234435592778027,0
1398682725#5095503840,0,0.0038997577503323555,0
14613461654#146011937628,0,0.03231598064303398,0
3628533316#4195993580,0,0.0006421776488423347,0
1914403252#3289002540,0,0.000686507613863796,0
5185236541#4197138413,0,0.00039293657755479217,0
178258449477#4998365450,0,0.7114379405975342,1
2079581946#4746144353,0,0.0006590418051928282,0
4448830722#4451089335,0,0.8823820948600769,1
4589830735#4411426624,1,0.8368251323699951,1
3926867260#4530026053,0,0.0015099570155143738,0
3967431643#3299598934,0,0.0005320634227246046,0
2059052537#4385184631,0,0.15898047387599945,0
4176217131#1903466347,0,0.018257541581988335,0
2026069710#87820905399,1,0.743990421295166,1
4454991968#4534359957,0,0.0005489008035510778,0
3050045988#4247271139,0,0.0004394309362396598,0
4657354311#4657354294,0,0.22874484956264496,0
1316556785#4132281843,0,0.0004268478660378605,0
3691000538#2007934907,0,0.000857769453432411,0
1701333916#1398443073,0,0.8439329266548157,1
4631852445#2065354050,0,0.0007880019256845117,0
4206267336#3629624977,1,0.8477336764335632,1
4735432768#3431879179,0,0.029421815648674965,0
5208946130#580549064505,0,0.0008122741710394621,0
1497939109#157726428514,0,0.0008256082655861974,0
2026258516#2183968048,0,0.8320716023445129,1
4202096119#3794247232,0,0.6677530407905579,1
4943160331#3968945784,0,0.0007635491201654077,0
4479095804#107725296889,0,0.4279688894748688,0
3287805133#4657354285,0,0.7572399973869324,1
1477156406#1438326380,0,0.6024486422538757,1
212394033260#111110399548,0,0.6732428073883057,1
29299331674#5163452200,0,0.7657043933868408,1
23230310067#4763332016,0,0.17824140191078186,0
1574873794#4613276653,0,0.7023824453353882,1
4828654874#178258449477,0,0.8586713671684265,1
2062867476#111568230982,0,0.0006568866083398461,0
2067377960#1477156406,0,0.0004915927420370281,0
54161674630#5018023921,0,0.7396481037139893,1
1565913509#3889395495,0,0.4463757872581482,0
2063588766#4913742546,1,0.8474273681640625,1
5215138753#4165585148,0,0.10178864002227783,0
373850284448#1951195150,0,0.0006679453072138131,0
3831256267#5123189260,0,0.001362932613119483,0
1847712017#2062045929,0,0.0046446667984128,0
3245545040#4206267336,0,0.5060312747955322,1
4589820532#2058316912,0,0.0026668033096939325,0
2977755545#4720389596,0,0.001622420153580606,0
4643718292#4643943359,0,0.3151743710041046,0
2070627808#3727491058,0,0.0034117945469915867,0
113196401893#2054753273,0,0.000835006358101964,0
5208946130#4867542841,0,0.0833301916718483,0
3445564730#2314360284,0,0.0010313576785847545,0
4289086328#4435528162,0,0.6979595422744751,1
45531943201#54161674630,0,0.7125076651573181,1
4536041187#4584646241,1,0.6560418605804443,1
4642854804#2168053481,0,0.2624196410179138,0
1401982678#2062075980,0,0.24747754633426666,0
1718471304#3967431643,0,0.014577138237655163,0
4145588659#4157551094,0,0.6850681900978088,1
4841409785#4223043910,0,0.0086009306833148,0
4022447951#2068436073,0,0.0048475367948412895,0
3612961288#4451089335,0,0.8123383522033691,1
3054671141#3349756713,1,0.7025884389877319,1
1416301524#4176217131,0,0.02719508670270443,0
3404019592#2247165276,0,0.13397164642810822,0
4260680249#2122362220,0,0.6506935954093933,1
1627738213#4542039020,0,0.0011501569533720613,0
4581502608#1951195150,0,0.0005259779863990843,0
87720200914#53263229623,0,0.6115136742591858,1
3882201915#4658956014,0,0.5297062397003174,1
4411426624#3683502845,0,0.047671277076005936,0
4643898157#18468687381,0,0.6705816984176636,1
2338131041#2338916683,0,0.24692824482917786,0
87720200914#4653616782,0,0.7924280166625977,1
4898730640#1453527936,0,0.0012530609965324402,0
3683502845#3446029040,0,0.9163949489593506,1
4414530598#1696208496,0,0.3781118392944336,0
4653616782#53263229623,0,0.7343431115150452,1
4451089335#4456625974,0,0.870905876159668,1
4004772536#3050045988,0,0.00047584003186784685,0
5174571094#4411426624,0,0.09638815373182297,0
4631852445#4722721497,1,0.6986241340637207,1
4391918874#3949154897,0,0.023042351007461548,0
4150903563#2066535766,0,0.00041067739948630333,0
4180609537#183335907108,0,0.003977784421294928,0
2159739481#3461052410,0,0.011758538894355297,0
4448830722#4456625974,1,0.8881350755691528,1
1646144729#4157551094,0,0.0026337311137467623,0
4840773591#156277193948,1,0.3304881453514099,0
3474685536#1319944364,0,0.0010056792525574565,0
3435281641#3304467506,0,0.7783700823783875,1
4165585148#3551393130,0,0.0018403629073873162,0
4643943359#87820911338,0,0.003930978011339903,0
5163452200#3076859035,0,0.0003652066516224295,0
5128222238#4195993580,0,0.04155338928103447,0
1765891797#3691000538,0,0.4062540829181671,0
2057051387#3404019592,0,0.2876175045967102,0
145960681701#3831256267,0,0.0009050092776305974,0
2296451977#4589830735,0,0.0005934145301580429,0
18467669365#2067179166,0,0.02483355812728405,0
4530026053#2270062912,0,0.002568201394751668,0
4196030610#4206269897,0,0.047945305705070496,0
2455842713#4405676807,0,0.0003366305900271982,0
4593095274#3214249597,0,0.016768209636211395,0
14613465315#14613461654,0,0.19478273391723633,0
2057811649#1438483240,1,0.7060615420341492,1
3044853716#53263229623,0,0.0009144194191321731,0
3108657350#2003336437,0,0.0006326714647002518,0
4321048267#2055255869,0,0.0029918786603957415,0
46983614517#4589830735,0,0.0015260514337569475,0
3551393318#3474685536,0,0.23204870522022247,0
2062845102#97115452949,0,0.0009492700337432325,0
4483987744#1765891797,0,0.0024987831711769104,0
219547393842#2112794415,0,0.00113745650742203,0
4720389596#4877427884,1,0.9813668727874756,1
4439737347#4200562083,0,0.5425900816917419,1
2026258524#2183428945,0,0.7682515382766724,1
309312102749#3967431643,0,0.001873734057880938,0
3920807098#4405676807,0,0.2730604112148285,0
1654102057#1665894324,1,0.7868411540985107,1
4450602322#3557197892,0,0.09098095446825027,0
4401870234#4195993580,0,0.7094710469245911,1
23230310067#3626237468,0,0.0004983204416930676,0
2180579787#2026258524,1,0.8644766211509705,1
5154681248#111568230982,0,0.0003572165733203292,0
1574873794#1453527936,0,0.00044587330194190145,0
1326086493#4165585148,0,0.04267263412475586,0
4210986952#3612961288,0,0.0005104860756546259,0
3551872495#4261185678,0,0.0007874246803112328,0
4176217131#18466202308,0,0.7183485627174377,1
4542039020#1639832922,0,0.0009501432068645954,0
4900378668#3487828521,0,0.4961681067943573,0
4316999113#4316999082,0,0.38249528408050537,0
4763332016#3626237468,0,0.0009329323656857014,0
1537709317#2061448087,0,0.7297912240028381,1
3836576451#4542321633,0,0.44099774956703186,0
10530767652#421393369392,0,0.001500787795521319,0
3628839716#2092610533,0,0.014313028194010258,0
4867542841#173652977366,0,0.0012562716146931052,0
4157280271#1694379812,0,0.6132485866546631,1
1574873794#395685899087,0,0.4398401379585266,0
38202857246#2055448044,0,0.00030942383455112576,0
4015322905#1565925308,0,0.0003577204479370266,0
3580539229#3629624977,0,0.8503701090812683,1
2154491220#4642854804,0,0.0016039509791880846,0
3831256267#1696208496,0,0.0005843187100253999,0
4384403228#4330455313,0,0.045135706663131714,0
3400442486#3435281641,0,0.2791352868080139,0
107725290582#50016874555,0,0.0005005531711503863,0
2298730254#50016874555,0,0.0031163650564849377,0
4943818903#2058563113,0,0.0015857439721003175,0
2054733437#2059483876,1,0.8208652138710022,1
3363370353#3404019592,0,0.30396804213523865,0
167570408533#173652977366,0,0.1523692011833191,0
1528865186#2296574953,0,0.0005975785315968096,0
1477293192#2064414260,0,0.2971074879169464,0
146011937628#212394033260,0,0.0011506561422720551,0
3052944481#5210078086,0,0.005336038302630186,0
4944579314#6015919609,0,0.5317432880401611,1
2116342008#1711852573,0,0.0010686955647543073,0
4589673799#1727736762,0,0.003993673715740442,0
2079572106#4635981164,1,0.8849678635597229,1
4572636295#145960681701,0,0.0007484718225896358,0
18468695966#2063706226,1,0.8592641949653625,1
4535930871#4623949169,1,0.020528223365545273,0
2061448091#1537709304,0,0.7731480002403259,1
2074019451#4335156801,0,0.0023041078820824623,0
4755359264#38202857246,0,0.650341808795929,1
2118416856#114453608394,0,0.00249719200655818,0
6871473475#2114341514,0,0.07979916781187057,0
4755359264#4673557611,0,0.5799462199211121,1
54161674630#4959321228,0,0.6109279990196228,1
3485676898#1639390814,0,0.0011683711782097816,0
4514269980#3061887519,0,0.0006119465688243508,0
2114341514#4536450435,0,0.026007208973169327,0
4157280271#1811606488,0,0.0007178980740718544,0
2064414260#3903241588,0,0.0003783584397751838,0
5027483278#4959321228,0,0.7832897305488586,1
2026258516#2026258521,0,0.3198957145214081,0
4195993580#4584646241,0,0.003173479111865163,0
2062845102#4261185678,0,0.0010527826379984617,0
4444196403#2092938385,0,0.02643192932009697,0
1921223120#146011948003,0,0.005069087725132704,0
187508564338#45531943201,0,0.0036709236446768045,0
1721524699#4149299298,0,0.0016689378535375,0
4489521100#2120851333,0,0.001299892901442945,0
4291077418#3289002505,0,0.7867567539215088,1
3835278364#5037293131,0,0.7433903217315674,1
1810185303#1650171814,0,0.39275211095809937,0
1477293192#1627587582,0,0.017587821930646896,0
4206242446#4197138413,0,0.0013027118984609842,0
2169220658#373850284448,0,0.0006276422063820064,0
2092610536#3236601708,0,0.005468408577144146,0
3214249597#3214249595,0,0.44655200839042664,0
1557919756#2075240892,0,0.0022686319425702095,0
18468580547#18465721026,0,0.7808068990707397,1
34888001864#3431879179,0,0.007374110631644726,0
3361906432#29299331674,0,0.002772445557639003,0
4161797606#1728174549,0,0.46147221326828003,0
2026258516#2026258524,0,0.5439208149909973,1
4495500756#2336490445,0,0.003167204326018691,0
4130010417#4972894677,0,0.0006517289439216256,0
2066535766#1646144729,0,0.0003275040362495929,0
4226659634#4232666143,0,0.011216302402317524,0
18468690620#5169557343,0,0.000992715242318809,0
2281691154#4663785560,0,0.0010619628010317683,0
2054781193#1847712017,0,0.6066964268684387,1
3630377420#1627587582,0,0.0004120768280699849,0
3529095384#1701333847,0,0.0006997828022576869,0
